250	-0.03275
251	-0.03376
252	-0.03364
253	-0.03438
254	-0.03417
255	-0.0324
256	-0.032
257	-0.03335
258	-0.03308
259	-0.03397
260	-0.03526
261	-0.03535
262	-0.03491
263	-0.03513
264	-0.03452
265	-0.0336
266	-0.03315
267	-0.03356
268	-0.03343
269	-0.03281
270	-0.03202
271	-0.03121
272	-0.02801
273	-0.02285
274	-0.01911
275	-0.01296
276	-0.00383
277	0.00717
278	0.02229
279	0.04305
280	0.06806
281	0.10771
282	0.15707
283	0.22147
284	0.30492
285	0.40435
286	0.52452
287	0.67625
288	0.85016
289	1.05291
290	1.31048
291	1.60868
292	1.95607
293	2.37114
294	2.86714
295	3.42575
296	4.0716
297	4.81879
298	5.64649
299	6.60133
300	7.66364
301	8.86381
302	10.16436
303	11.59776
304	13.11014
305	14.73134
306	16.43954
307	18.2533
308	20.18687
309	22.20932
310	24.32526
311	26.54178
312	28.7996
313	31.09662
314	33.44764
315	35.8442
316	38.21936
317	40.63786
318	43.0693
319	45.44458
320	47.77941
321	50.07467
322	52.33094
323	54.48753
324	56.58258
325	58.581
326	60.57907
327	62.44009
328	64.20426
329	66.03639
330	67.7626
331	69.30293
332	70.80756
333	72.23203
334	73.47212
335	74.67016
336	75.77276
337	76.84868
338	77.82055
339	78.69017
340	79.55576
341	80.43887
342	81.22484
343	81.94436
344	82.65449
345	83.26556
346	83.78445
347	84.28414
348	84.76439
349	85.19046
350	85.59464
351	85.98202
352	86.30853
353	86.6589
354	86.94586
355	87.20782
356	87.44209
357	87.66156
358	87.85035
359	88.05682
360	88.20159
361	88.32224
362	88.43399
363	88.56219
364	88.62615
365	88.73822
366	88.8363
367	88.94129
368	88.99202
369	89.05861
370	89.09203
371	89.11454
372	89.06593
373	89.03614
374	89.035
375	89.03104
376	89.02386
377	89.03268
378	89.03671
379	88.98773
380	88.96156
381	88.97036
382	88.946
383	88.9327
384	88.95548
385	88.95037
386	88.96511
387	88.98808
388	88.99772
389	88.98234
390	89.008
391	88.99537
392	89.01258
393	88.95103
394	88.96349
395	88.91103
396	88.86557
397	88.83707
398	88.85767
399	88.83614
400	88.78516
401	88.70744
402	88.62576
403	88.56433
404	88.50191
405	88.48917
406	88.47322
407	88.4081
408	88.39583
409	88.33647
410	88.285
411	88.25346
412	88.22858
413	88.1664
414	88.10017
415	88.03049
416	87.96876
417	87.92289
418	87.8541
419	87.81808
420	87.78928
421	87.73413
422	87.67818
423	87.59511
424	87.52785
425	87.43422
426	87.39999
427	87.38126
428	87.37359
429	87.34394
430	87.33809
431	87.28048
432	87.19851
433	87.16055
434	87.1128
435	87.05159
436	86.99832
437	86.95745
438	86.90572
439	86.86429
440	86.82462
441	86.77705
442	86.74438
443	86.69539
444	86.66724
445	86.62275
446	86.57491
447	86.55003
448	86.50242
449	86.46162
450	86.4345
451	86.39215
452	86.31413
453	86.25485
454	86.17956
455	86.09306
456	86.07362
457	86.06449
458	86.04713
459	86.04509
460	86.03195
461	85.98092
462	85.91575
463	85.8762
464	85.83157
465	85.78969
466	85.76305
467	85.72487
468	85.70108
469	85.66048
470	85.61928
471	85.59048
472	85.56747
473	85.51567
474	85.44948
475	85.45229
476	85.37703
477	85.32938
478	85.2969
479	85.27574
480	85.21645
481	85.20554
482	85.19222
483	85.17014
484	85.16547
485	85.13118
486	85.11858
487	85.06958
488	85.04741
489	85.00829
490	84.99177
491	84.96108
492	84.95932
493	84.90266
494	84.84245
495	84.81948
496	84.777
497	84.73594
498	84.73685
499	84.746
500	84.68001
501	84.65874
502	84.61554
503	84.56625
504	84.54444
505	84.51931
506	84.48058
507	84.44553
508	84.42674
509	84.39287
510	84.37424
511	84.36234
512	84.36905
513	84.34523
514	84.31889
515	84.3055
516	84.27877
517	84.21184
518	84.19462
519	84.14702
520	84.11958
521	84.07458
522	84.07018
523	84.01872
524	84.01228
525	83.98524
526	83.98278
527	83.96284
528	83.94455
529	83.93214
530	83.89111
531	83.85015
532	83.82851
533	83.81022
534	83.78559
535	83.79666
536	83.8123
537	83.79013
538	83.77989
539	83.7425
540	83.71632
541	83.67883
542	83.65209
543	83.64648
544	83.65607
545	83.64218
546	83.61881
547	83.61345
548	83.57542
549	83.56656
550	83.53427
551	83.52579
552	83.52923
553	83.54805
554	83.52834
555	83.54832
556	83.54478
557	83.52685
558	83.50565
559	83.47322
560	83.45123
561	83.4226
562	83.38831
563	83.34563
564	83.35336
565	83.3438
566	83.34731
567	83.3263
568	83.32382
569	83.2851
570	83.24243
571	83.20333
572	83.19068
573	83.1759
574	83.16415
575	83.13963
576	83.12254
577	83.09284
578	83.05391
579	83.0024
580	83.00108
581	82.98842
582	82.96216
583	82.95622
584	82.95044
585	82.90746
586	82.8908
587	82.86607
588	82.82499
589	82.79897
590	82.79266
591	82.75204
592	82.74596
593	82.72339
594	82.73981
595	82.7114
596	82.69764
597	82.67342
598	82.68674
599	82.65984
600	82.64545
601	82.63863
602	82.65034
603	82.64243
604	82.64396
605	82.6524
606	82.63954
607	82.64073
608	82.63273
609	82.60815
610	82.60254
611	82.57497
612	82.57407
613	82.55688
614	82.53963
615	82.52374
616	82.52356
617	82.47714
618	82.47036
619	82.47141
620	82.44054
621	82.4388
622	82.4218
623	82.39182
624	82.37974
625	82.37216
626	82.3737
627	82.3969
628	82.41512
629	82.37225
630	82.36258
631	82.30939
632	82.27294
633	82.22029
634	82.23525
635	82.24883
636	82.28004
637	82.28687
638	82.31949
639	82.29872
640	82.2529
641	82.23817
642	82.19859
643	82.16773
644	82.15652
645	82.1757
646	82.15065
647	82.16928
648	82.13509
649	82.12573
650	82.13011
651	82.15228
652	82.14955
653	82.1751
654	82.16959
655	82.15299
656	82.10251
657	82.10126
658	82.08464
659	82.08307
660	82.06486
661	82.06814
662	82.0257
663	82.01948
664	82.01109
665	82.00132
666	82.00113
667	82.02811
668	82.02271
669	82.00511
670	82.00094
671	82.0042
672	82.0051
673	81.97803
674	81.99374
675	82.00502
676	81.98463
677	81.95596
678	81.98659
679	81.9659
680	81.95145
681	81.96351
682	81.95666
683	81.9466
684	81.9508
685	81.9714
686	81.96954
687	81.96876
688	81.97268
689	81.95592
690	81.92407
691	81.91382
692	81.92486
693	81.90117
694	81.9341
695	81.95685
696	81.98039
697	82.00366
698	82.03308
699	82.08918
700	82.12997
701	82.17848
702	82.22031
703	82.29881
704	82.28928
705	82.31367
706	82.30157
707	82.29598
708	82.27919
709	82.244
710	82.20088
711	82.1711
712	82.18048
713	82.13276
714	82.14801
715	82.13322
716	82.13457
717	82.10846
718	82.14265
719	82.1276
720	82.10743
721	82.1181
722	82.1051
723	82.05291
724	82.06809
725	82.08525
726	82.02716
727	82.00516
728	82.02271
729	81.96106
730	81.95815
731	81.96431
732	81.98676
733	81.98386
734	82.02205
735	82.00076
736	82.04636
737	82.0241
738	82.01521
739	81.99167
740	81.99689
741	81.96937
742	81.92508
743	81.90697
744	81.9024
745	81.8782
746	81.88773
747	81.90326
748	81.91887
749	81.93294
750	81.9654
751	81.92806
752	81.92437
753	81.87715
754	81.87302
755	81.8596
756	81.86514
757	81.83836
758	81.86603
759	81.86268
760	81.81343
761	81.81255
762	81.80537
763	81.77232
764	81.72203
765	81.75232
766	81.73901
767	81.75756
768	81.75002
769	81.75851
770	81.73009
771	81.71992
772	81.69217
773	81.6974
774	81.70544
775	81.69307
776	81.69162
777	81.69944
778	81.69681
779	81.64777
780	81.64573
781	81.63055
782	81.59989
783	81.59693
784	81.6318
785	81.62376
786	81.59053
787	81.63538
788	81.61949
789	81.57909
790	81.59871
791	81.59624
792	81.54144
793	81.48664
794	81.51434
795	81.48214
796	81.48704
797	81.4862
798	81.52898
799	81.50824
800	81.52501
801	81.53326
802	81.5263
803	81.50023
804	81.52878
805	81.49644
806	81.49914
807	81.51266
808	81.53526
809	81.48698
810	81.48486
811	81.48347
812	81.45064
813	81.42078
814	81.41007
815	81.38333
816	81.35104
817	81.37366
818	81.3416
819	81.38654
820	81.42554
821	81.37543
822	81.39616
823	81.42484
824	81.38604
825	81.38695
826	81.44015
827	81.39298
828	81.39787
829	81.40491
830	81.39162
831	81.38415
832	81.42653
833	81.43936
834	81.42953
835	81.43495
836	81.43325
837	81.39957
838	81.4047
839	81.42099
840	81.38821
841	81.40207
842	81.41702
843	81.40985
844	81.41971
845	81.4567
846	81.45879
847	81.46818
848	81.50585
849	81.48174
850	81.50896
851	81.49712
852	81.53089
853	81.47375
854	81.45948
855	81.39549
856	81.39011
857	81.41176
858	81.47417
859	81.49473
860	81.49287
861	81.55801
862	81.52959
863	81.49187
864	81.52798
865	81.63781
866	81.49265
867	81.38666
868	81.38758
869	81.37251
870	81.15836
871	81.40145
872	81.56129
873	81.52381
874	81.49688
875	81.69674
876	81.54578
877	81.44207
878	81.4866
879	81.38985
880	81.34438
881	81.39342
882	81.29855
883	81.31426
884	81.38405
885	81.46087
886	81.45636
887	81.61411
888	81.67096
889	81.69722
890	81.76379
891	81.88404
892	81.945
893	81.88549
894	82.11897
895	81.67696
896	81.35252
897	81.37215
898	81.35911
899	81.07849
900	81.39935
901	81.78737
902	81.60714
903	81.59916
904	81.82168
905	81.78612
906	81.59258
907	81.79752
908	81.75954
909	81.6478
910	81.77096
911	81.73683
912	81.67631
913	81.82246
914	81.78391
915	81.74126
916	81.89709
917	81.79995
918	81.7324
919	81.87186
920	81.78398
921	81.7383
922	81.86943
923	81.8377
924	81.77063
925	81.90678
926	81.86464
927	81.85966
928	81.93985
929	81.85445
930	81.84721
931	81.9184
932	81.83361
933	81.84029
934	81.96281
935	81.88086
936	81.86706
937	81.93383
938	81.87195
939	81.87467
940	81.90626
941	81.89772
942	81.93504
943	81.99526
944	81.93289
945	82.00245
946	82.03241
947	81.95165
948	81.98126
949	82.03748
950	81.95923
951	81.97639
952	82.01431
953	82.04171
954	81.99304
955	82.03327
956	82.03606
957	82.02538
958	81.96675
959	82.05742
960	82.04991
961	82.0314
962	82.12285
963	82.11504
964	82.08908
965	82.13651
966	82.11824
967	82.07288
968	82.12222
969	82.09595
970	82.10355
971	82.14324
972	82.10986
973	82.12881
974	82.18886
975	82.15458
976	82.17175
977	82.22897
978	82.18431
979	82.16605
980	82.21883
981	82.1796
982	82.18822
983	82.24184
984	82.22917
985	82.23685
986	82.27817
987	82.25913
988	82.26449
989	82.30903
990	82.24084
991	82.26445
992	82.28761
993	82.25928
994	82.25983
995	82.34087
996	82.31227
997	82.33252
998	82.36178
999	82.3499
1000	82.34738
1001	82.37173
1002	82.33927
1003	82.35111
1004	82.37072
1005	82.34232
1006	82.36941
1007	82.41733
1008	82.39706
1009	82.40082
1010	82.44083
1011	82.40579
1012	82.41366
1013	82.44551
1014	82.43928
1015	82.43847
1016	82.46677
1017	82.43257
1018	82.44415
1019	82.46466
1020	82.44855
1021	82.46734
1022	82.50183
1023	82.47264
1024	82.49337
1025	82.5216
1026	82.49223
1027	82.5092
1028	82.55028
1029	82.52267
1030	82.54536
1031	82.57715
1032	82.56382
1033	82.57565
1034	82.59782
1035	82.58102
1036	82.60156
1037	82.60334
1038	82.59679
1039	82.62912
1040	82.64012
1041	82.62045
1042	82.65501
1043	82.65225
1044	82.62851
1045	82.66076
1046	82.66631
1047	82.64793
1048	82.68217
1049	82.69143
1050	82.6773
1051	82.7007
1052	82.70306
1053	82.69573
1054	82.71335
1055	82.69121
1056	82.7003
1057	82.74021
1058	82.72173
1059	82.72656
1060	82.76769
1061	82.7551
1062	82.74738
1063	82.78861
1064	82.7689
1065	82.76663
1066	82.79775
1067	82.77962
1068	82.78343
1069	82.81708
1070	82.80794
1071	82.80783
1072	82.83263
1073	82.82148
1074	82.83889
1075	82.87137
1076	82.85951
1077	82.89216
1078	82.9108
1079	82.88008
1080	82.89848
1081	82.92436
1082	82.90532
1083	82.92893
1084	82.9645
1085	82.94913
1086	82.95895
1087	82.96725
1088	82.94662
1089	82.95644
1090	82.95714
1091	82.95036
1092	82.96227
1093	82.96861
1094	82.95657
1095	82.98749
1096	82.99821
1097	82.98686
1098	83.02039
1099	83.03625
1100	83.02385
1101	83.04424
1102	83.05991
1103	83.05151
1104	83.06093
1105	83.0634
1106	83.05145
1107	83.08053
1108	83.0723
1109	83.07408
1110	83.1133
1111	83.11569
1112	83.09813
1113	83.13054
1114	83.1247
1115	83.09655
1116	83.11961
1117	83.12905
1118	83.12074
1119	83.14794
1120	83.16354
1121	83.16907
1122	83.18783
1123	83.18633
1124	83.18718
1125	83.20786
1126	83.1936
1127	83.17668
1128	83.20488
1129	83.21053
1130	83.19901
1131	83.23976
1132	83.25555
1133	83.2516
1134	83.26319
1135	83.27211
1136	83.25551
1137	83.28423
1138	83.2792
1139	83.28564
1140	83.31472
1141	83.31499
1142	83.30376
1143	83.34782
1144	83.3387
1145	83.32349
1146	83.36237
1147	83.36156
1148	83.33012
1149	83.35702
1150	83.35624
1151	83.34189
1152	83.36676
1153	83.37963
1154	83.37624
1155	83.40133
1156	83.39357
1157	83.39712
1158	83.42425
1159	83.42923
1160	83.43262
1161	83.4745
1162	83.47157
1163	83.46556
1164	83.49258
1165	83.49145
1166	83.48889
1167	83.50821
1168	83.50881
1169	83.505
1170	83.53248
1171	83.52657
1172	83.54121
1173	83.57112
1174	83.56578
1175	83.57018
1176	83.60227
1177	83.59043
1178	83.59299
1179	83.62614
1180	83.61447
1181	83.61134
1182	83.64491
1183	83.64297
1184	83.64445
1185	83.67924
1186	83.68404
1187	83.67706
1188	83.68954
1189	83.67697
1190	83.69023
1191	83.7024
1192	83.70239
1193	83.71774
1194	83.74977
1195	83.72614
1196	83.74098
1197	83.7577
1198	83.75107
1199	83.76249
1200	83.79062
1201	83.77728
1202	83.79852
1203	83.81093
1204	83.79758
1205	83.82104
1206	83.83686
1207	83.82881
1208	83.84951
1209	83.86035
1210	83.84067
1211	83.86407
1212	83.86938
1213	83.84753
1214	83.87559
1215	83.89133
1216	83.8755
1217	83.90079
1218	83.92834
1219	83.92496
1220	83.94147
1221	83.95316
1222	83.94772
1223	83.96867
1224	83.97344
1225	83.97218
1226	84.00671
1227	83.99612
1228	83.98311
1229	83.99824
1230	83.99559
1231	83.9721
1232	84.02348
1233	84.03424
1234	84.03394
1235	84.06403
1236	84.08881
1237	84.0788
1238	84.09651
1239	84.10268
1240	84.1104
1241	84.12678
1242	84.12109
1243	84.12819
1244	84.15615
1245	84.14191
1246	84.14073
1247	84.17928
1248	84.18401
1249	84.18158
1250	84.21505
1251	84.21355
1252	84.20272
1253	84.21417
1254	84.20811
1255	84.20194
1256	84.22119
1257	84.21609
1258	84.23632
1259	84.26787
1260	84.27206
1261	84.29488
1262	84.32868
1263	84.3049
1264	84.31087
1265	84.33398
1266	84.31786
1267	84.31693
1268	84.35381
1269	84.36157
1270	84.37717
1271	84.40424
1272	84.40248
1273	84.41709
1274	84.42426
1275	84.4113
1276	84.43382
1277	84.46053
1278	84.44278
1279	84.46733
1280	84.47666
1281	84.45349
1282	84.47302
1283	84.49241
1284	84.47681
1285	84.50178
1286	84.52785
1287	84.50916
1288	84.5356
1289	84.54791
1290	84.54429
1291	84.56274
1292	84.57235
1293	84.551
1294	84.57153
1295	84.57137
1296	84.55127
1297	84.58355
1298	84.59801
1299	84.57683
1300	84.60104
1301	84.61426
1302	84.60036
1303	84.62693
1304	84.65659
1305	84.65193
1306	84.67352
1307	84.68111
1308	84.67188
1309	84.6892
1310	84.69812
1311	84.69788
1312	84.72891
1313	84.74442
1314	84.74014
1315	84.77581
1316	84.78934
1317	84.77264
1318	84.79526
1319	84.76521
1320	84.72886
1321	84.72626
1322	84.70057
1323	84.68034
1324	84.71282
1325	84.72231
1326	84.7254
1327	84.77625
1328	84.77051
1329	84.78479
1330	84.80624
1331	84.80083
1332	84.80515
1333	84.82746
1334	84.80466
1335	84.81431
1336	84.83411
1337	84.81531
1338	84.8364
1339	84.88866
1340	84.88277
1341	84.90613
1342	84.93678
1343	84.92288
1344	84.92634
1345	84.94032
1346	84.9259
1347	84.93444
1348	84.94438
1349	84.92722
1350	84.9486
1351	84.96173
1352	84.95383
1353	84.99844
1354	85.02453
1355	85.01106
1356	85.03469
1357	85.05122
1358	85.01062
1359	85.01736
1360	85.03779
1361	85.01798
1362	85.04301
1363	85.07545
1364	85.06298
1365	85.09302
1366	85.09784
1367	85.08221
1368	85.09701
1369	85.12039
1370	85.07792
1371	85.11916
1372	85.12727
1373	85.10872
1374	85.1266
1375	85.15545
1376	85.12638
1377	85.16155
1378	85.17477
1379	85.16605
1380	85.18747
1381	85.20274
1382	85.17896
1383	85.20633
1384	85.19872
1385	85.18105
1386	85.21751
1387	85.21711
1388	85.18444
1389	85.21983
1390	85.22717
1391	85.18189
1392	85.18976
1393	85.19422
1394	85.15999
1395	85.16491
1396	85.17026
1397	85.13409
1398	85.15364
1399	85.13158
1400	85.10435
1401	85.13964
1402	85.15396
1403	85.12093
1404	85.15984
1405	85.16869
1406	85.1219
1407	85.1609
1408	85.17677
1409	85.1731
1410	85.19717
1411	85.22259
1412	85.19678
1413	85.22359
1414	85.21941
1415	85.20735
1416	85.23514
1417	85.24879
1418	85.2326
1419	85.27522
1420	85.30347
1421	85.28438
1422	85.32276
1423	85.33127
1424	85.30087
1425	85.32072
1426	85.34103
1427	85.32477
1428	85.37444
1429	85.40389
1430	85.39171
1431	85.42258
1432	85.42897
1433	85.41574
1434	85.46432
1435	85.49596
1436	85.50127
1437	85.56969
1438	85.59473
1439	85.56973
1440	85.60499
1441	85.62115
1442	85.59523
1443	85.61871
1444	85.64531
1445	85.63387
1446	85.65828
1447	85.66867
1448	85.67068
1449	85.70648
1450	85.70792
1451	85.70599
1452	85.76173
1453	85.76997
1454	85.75743
1455	85.80717
1456	85.8197
1457	85.78833
1458	85.83199
1459	85.84092
1460	85.84229
1461	85.88896
1462	85.91476
1463	85.91537
1464	85.96937
1465	85.96764
1466	85.95408
1467	86.01109
1468	86.00909
1469	86.01135
1470	86.07442
1471	86.08748
1472	86.05784
1473	86.11393
1474	86.10262
1475	86.07932
1476	86.12305
1477	86.14543
1478	86.12177
1479	86.16111
1480	86.1599
1481	86.15601
1482	86.19839
1483	86.19316
1484	86.18914
1485	86.26038
1486	86.25102
1487	86.23517
1488	86.30937
1489	86.31692
1490	86.28741
1491	86.34834
1492	86.36218
1493	86.34329
1494	86.38622
1495	86.38674
1496	86.37041
1497	86.41678
1498	86.40405
1499	86.36975
1500	86.36742

