250	-0.02376	-0.02981	-0.03059	-0.02965
251	-0.02345	-0.02996	-0.03073	-0.02958
252	-0.02536	-0.02995	-0.02978	-0.02977
253	-0.02703	-0.02975	-0.0305	-0.03011
254	-0.02672	-0.03089	-0.03256	-0.03166
255	-0.02791	-0.03058	-0.0319	-0.03182
256	-0.03	-0.0302	-0.03221	-0.03249
257	-0.0296	-0.03089	-0.03397	-0.03274
258	-0.0299	-0.03102	-0.03398	-0.03204
259	-0.03204	-0.03034	-0.03358	-0.03211
260	-0.03135	-0.0303	-0.03349	-0.03285
261	-0.03201	-0.03195	-0.03383	-0.03324
262	-0.0317	-0.03136	-0.03323	-0.03317
263	-0.03087	-0.03196	-0.03279	-0.03434
264	-0.02945	-0.03249	-0.03256	-0.03412
265	-0.03124	-0.03316	-0.03133	-0.0328
266	-0.03027	-0.03127	-0.0302	-0.03207
267	-0.02912	-0.03069	-0.02889	-0.03132
268	-0.02746	-0.0298	-0.02762	-0.03058
269	-0.02459	-0.02698	-0.02545	-0.0284
270	-0.01944	-0.02364	-0.02448	-0.02705
271	-0.01178	-0.01905	-0.01945	-0.02385
272	-0.00386	-0.01175	-0.01557	-0.01956
273	0.00858	-0.00249	-0.00796	-0.01289
274	0.02524	0.01089	0.00209	-0.00567
275	0.05077	0.02814	0.018	0.00539
276	0.07924	0.05222	0.03617	0.02075
277	0.12029	0.08353	0.06369	0.04042
278	0.17657	0.1263	0.09871	0.06671
279	0.24869	0.18052	0.1437	0.10372
280	0.34047	0.25096	0.20397	0.1503
281	0.48349	0.3638	0.29554	0.22594
282	0.66571	0.50334	0.41724	0.32324
283	0.89004	0.67836	0.55884	0.44501
284	1.15855	0.88586	0.73677	0.58641
285	1.47489	1.15176	0.95634	0.76596
286	1.84329	1.44246	1.21138	0.97472
287	2.28509	1.80179	1.50035	1.22778
288	2.80074	2.21144	1.85796	1.52586
289	3.39205	2.71106	2.27706	1.88259
290	4.08886	3.27048	2.75619	2.30366
291	4.87852	3.92392	3.31432	2.78698
292	5.75734	4.65011	3.95412	3.34127
293	6.74581	5.47673	4.6934	3.97038
294	7.86671	6.42029	5.51983	4.72311
295	9.11062	7.45619	6.43071	5.56256
296	10.47919	8.59783	7.46232	6.51317
297	11.95189	9.86538	8.59875	7.58273
298	13.54825	11.23952	9.82368	8.76207
299	15.28286	12.70989	11.18731	10.04526
300	17.10733	14.32869	12.66052	11.46226
301	19.00007	16.00636	14.19837	12.97074
302	20.99467	17.79878	15.81786	14.58612
303	23.03984	19.66402	17.4783	16.30713
304	25.12057	21.54892	19.23512	18.08724
305	27.25814	23.4303	21.00673	19.94375
306	29.44717	25.43073	22.89279	21.89846
307	31.67869	27.44659	24.85119	23.88175
308	33.94461	29.4904	26.87293	25.9485
309	36.23814	31.61061	28.88416	28.07649
310	38.49557	33.74325	30.93449	30.19803
311	40.76781	35.87271	32.98597	32.3222
312	42.96832	37.96352	34.96616	34.47336
313	45.20025	40.07752	37.02631	36.64545
314	47.34513	42.12251	39.02134	38.8282
315	49.47538	44.14468	41.00202	40.90157
316	51.53618	46.15157	42.91294	43.00625
317	53.63262	48.0815	44.88598	45.08963
318	55.54925	49.9534	46.72473	47.04189
319	57.43521	51.78551	48.52919	48.90497
320	59.24202	53.59036	50.31723	50.81161
321	60.9612	55.27516	52.04295	52.57549
322	62.55882	56.95869	53.66095	54.28936
323	64.15299	58.52723	55.23797	55.94265
324	65.64561	60.06228	56.75355	57.50621
325	67.06322	61.49126	58.20055	58.95859
326	68.47186	62.88201	59.62642	60.41898
327	69.79501	64.18726	60.97883	61.74716
328	70.99727	65.43275	62.18949	62.93575
329	72.23619	66.68919	63.43903	64.15894
330	73.39142	67.84424	64.57137	65.32394
331	74.41652	68.92795	65.58817	66.33746
332	75.35999	69.93679	66.58024	67.29873
333	76.3224	70.91341	67.59207	68.26383
334	77.15088	71.69619	68.4388	69.12172
335	77.91572	72.50607	69.27515	69.91862
336	78.63316	73.24961	70.00769	70.63393
337	79.36897	73.97047	70.73169	71.34907
338	79.95296	74.59492	71.36791	71.99506
339	80.49022	75.23455	72.00262	72.53981
340	81.02484	75.84263	72.60099	73.09103
341	81.53463	76.41843	73.19664	73.66549
342	82.04026	76.96472	73.70398	74.16137
343	82.52084	77.52996	74.22545	74.6091
344	82.95309	77.98557	74.69857	75.07794
345	83.3511	78.39133	75.14863	75.48847
346	83.73099	78.79596	75.5806	75.85064
347	84.01345	79.15443	75.98788	76.1862
348	84.30376	79.45747	76.31869	76.49292
349	84.56086	79.77396	76.63264	76.74092
350	84.87244	80.09425	76.92741	77.00597
351	85.09119	80.34236	77.24953	77.23891
352	85.2888	80.61679	77.5181	77.43835
353	85.50688	80.88036	77.7738	77.6777
354	85.68913	81.12083	78.0009	77.86489
355	85.82507	81.32875	78.24516	78.05927
356	85.97779	81.52849	78.41369	78.24529
357	86.13834	81.69576	78.5938	78.43574
358	86.25073	81.85612	78.7874	78.5782
359	86.41161	82.03873	78.98164	78.73064
360	86.50568	82.19221	79.10225	78.79813
361	86.62041	82.31973	79.24677	78.83864
362	86.73421	82.42769	79.4019	78.92303
363	86.85745	82.57565	79.56831	79.04658
364	86.96346	82.68144	79.69559	79.10136
365	87.06562	82.79489	79.81658	79.21098
366	87.12522	82.86993	79.93224	79.2989
367	87.19881	82.99061	80.05728	79.34539
368	87.28909	83.10029	80.1333	79.3928
369	87.32395	83.19428	80.22909	79.48882
370	87.35312	83.26112	80.30759	79.51057
371	87.39093	83.35006	80.39255	79.565
372	87.42569	83.39549	80.453	79.62907
373	87.3875	83.3988	80.47702	79.59882
374	87.41512	83.45319	80.50108	79.61732
375	87.43988	83.53011	80.57419	79.67458
376	87.4603	83.59244	80.60799	79.66895
377	87.42406	83.61837	80.62909	79.62614
378	87.44324	83.66772	80.71247	79.70451
379	87.43049	83.7023	80.76949	79.69231
380	87.462	83.73058	80.81501	79.70921
381	87.53131	83.79475	80.92785	79.81097
382	87.53696	83.85957	80.99078	79.87264
383	87.61174	83.91444	81.07462	79.88991
384	87.66038	83.95597	81.17391	79.92819
385	87.67767	84.00256	81.26183	79.96869
386	87.73743	84.07332	81.31854	79.99919
387	87.82152	84.14095	81.39957	80.06684
388	87.85078	84.21861	81.45999	80.10785
389	87.89009	84.26919	81.4988	80.19868
390	87.96508	84.36218	81.57283	80.23881
391	87.94987	84.43253	81.62096	80.27767
392	88.04462	84.52837	81.71607	80.34016
393	88.045	84.58334	81.75838	80.36955
394	88.11172	84.69659	81.88416	80.42375
395	88.15351	84.79025	81.93837	80.48087
396	88.22309	84.83913	82.02649	80.53172
397	88.23551	84.91281	82.08436	80.53915
398	88.30037	84.97313	82.19859	80.59515
399	88.33765	85.00779	82.25819	80.61726
400	88.33064	84.99733	82.295	80.64085
401	88.34522	84.99957	82.29748	80.64496
402	88.35564	85.00002	82.34229	80.63055
403	88.38277	85.05534	82.3578	80.66942
404	88.39184	85.0794	82.3717	80.69138
405	88.41588	85.11801	82.44518	80.67576
406	88.40746	85.18436	82.5165	80.71056
407	88.40652	85.18695	82.51298	80.75381
408	88.44173	85.2233	82.58401	80.77604
409	88.44101	85.23346	82.57497	80.77145
410	88.46224	85.27654	82.61517	80.80682
411	88.48456	85.29899	82.64198	80.80074
412	88.495	85.3537	82.67557	80.82421
413	88.48385	85.35686	82.68553	80.83023
414	88.46818	85.40162	82.74049	80.86661
415	88.4835	85.39915	82.76068	80.91518
416	88.51949	85.4252	82.77638	80.96622
417	88.53784	85.44128	82.82401	80.98392
418	88.53257	85.47493	82.84747	80.98737
419	88.56329	85.49831	82.87615	80.99966
420	88.55965	85.53622	82.91293	80.99268
421	88.55791	85.57883	82.96427	81.00659
422	88.5724	85.59245	83.02158	81.04128
423	88.55417	85.61221	83.02383	81.05042
424	88.5754	85.64397	83.08163	81.0683
425	88.58925	85.66327	83.07945	81.07097
426	88.59464	85.67757	83.09902	81.07197
427	88.6056	85.7457	83.13081	81.09863
428	88.6456	85.75577	83.18987	81.13282
429	88.6587	85.77425	83.20774	81.14391
430	88.68743	85.80938	83.28448	81.1847
431	88.69577	85.84045	83.32134	81.20261
432	88.70335	85.83986	83.33475	81.20351
433	88.72257	85.89178	83.39417	81.22318
434	88.73471	85.90575	83.42764	81.24616
435	88.73767	85.92028	83.43964	81.27922
436	88.73366	85.92615	83.44813	81.28595
437	88.73565	85.94741	83.46417	81.3248
438	88.74358	85.9622	83.45865	81.35216
439	88.74396	86.00288	83.48433	81.36337
440	88.73903	86.03143	83.50831	81.36328
441	88.76251	86.06684	83.55541	81.39518
442	88.79524	86.10069	83.59876	81.40708
443	88.80862	86.10739	83.64878	81.4435
444	88.82371	86.14984	83.69173	81.48624
445	88.84477	86.18467	83.71149	81.52103
446	88.84013	86.2083	83.74468	81.54348
447	88.85827	86.23647	83.79311	81.56828
448	88.87084	86.27905	83.79797	81.58669
449	88.90882	86.29079	83.83458	81.62797
450	88.927	86.31686	83.89626	81.6643
451	88.94469	86.32579	83.9177	81.6831
452	88.93379	86.34037	83.92071	81.68748
453	88.93357	86.35119	83.93987	81.67898
454	88.90755	86.36472	83.93935	81.66727
455	88.90697	86.38555	83.95003	81.65916
456	88.92068	86.43362	83.99663	81.68983
457	88.94842	86.47626	84.05418	81.74376
458	88.95895	86.50464	84.10114	81.77673
459	88.98159	86.5461	84.14009	81.82137
460	88.99505	86.56082	84.17265	81.85355
461	89.0117	86.5822	84.16908	81.87836
462	88.9939	86.57235	84.16514	81.88629
463	89.01519	86.6125	84.20457	81.90513
464	89.0368	86.6302	84.25742	81.91154
465	89.04068	86.66395	84.27933	81.93205
466	89.062	86.68307	84.33266	81.96503
467	89.08478	86.71707	84.36719	81.9741
468	89.10699	86.7076	84.38412	82.01247
469	89.11179	86.7137	84.37727	82.02343
470	89.12977	86.69841	84.39425	82.03568
471	89.15331	86.70409	84.41993	82.04682
472	89.17176	86.72947	84.46779	82.08472
473	89.18251	86.74068	84.47803	82.08784
474	89.19353	86.73979	84.49151	82.09512
475	89.20647	86.78408	84.49918	82.13514
476	89.20888	86.80837	84.5034	82.14371
477	89.21243	86.8235	84.49265	82.15389
478	89.20213	86.84895	84.52506	82.17802
479	89.21152	86.87972	84.56899	82.228
480	89.22021	86.87607	84.6037	82.25248
481	89.2271	86.896	84.64736	82.26984
482	89.2702	86.91434	84.68358	82.29573
483	89.30269	86.94266	84.70918	82.33705
484	89.31664	86.98052	84.7477	82.37238
485	89.33047	87.02242	84.7732	82.39952
486	89.34814	87.0426	84.8007	82.45161
487	89.33102	87.0462	84.82608	82.45228
488	89.34634	87.05899	84.85216	82.4672
489	89.35721	87.07675	84.85606	82.47124
490	89.34593	87.07257	84.87962	82.46307
491	89.34669	87.10149	84.88766	82.46975
492	89.38802	87.14593	84.92021	82.52527
493	89.38319	87.1559	84.92575	82.53671
494	89.39754	87.16644	84.93198	82.54243
495	89.41532	87.20573	84.96534	82.58339
496	89.43153	87.21857	84.9958	82.59592
497	89.39783	87.20547	84.98901	82.58095
498	89.41604	87.23651	85.03823	82.59726
499	89.41454	87.25508	85.07712	82.64691
500	89.42056	87.26476	85.09232	82.63992
501	89.39895	87.25688	85.10866	82.66086
502	89.39611	87.27678	85.12321	82.6711
503	89.38153	87.27946	85.12095	82.69722
504	89.37785	87.30566	85.14594	82.69814
505	89.38673	87.3036	85.1572	82.7278
506	89.40789	87.33263	85.16071	82.73129
507	89.41348	87.33012	85.18642	82.73739
508	89.4296	87.36072	85.19539	82.73622
509	89.45456	87.38901	85.21664	82.75539
510	89.4614	87.38046	85.23005	82.75085
511	89.46085	87.37952	85.26586	82.77544
512	89.46885	87.42606	85.27959	82.81134
513	89.47408	87.41625	85.30167	82.83856
514	89.46116	87.38606	85.29527	82.83459
515	89.48367	87.43458	85.31697	82.8748
516	89.48744	87.45774	85.32164	82.88446
517	89.49516	87.4262	85.32226	82.892
518	89.48025	87.4503	85.34229	82.90316
519	89.47391	87.44672	85.35368	82.92831
520	89.46041	87.44393	85.33877	82.93789
521	89.44881	87.44894	85.37482	82.95509
522	89.42953	87.47668	85.40543	82.97584
523	89.42196	87.46378	85.39864	82.95936
524	89.43031	87.49492	85.42994	82.99162
525	89.42812	87.53046	85.465	83.00406
526	89.46036	87.54451	85.47861	83.04032
527	89.50383	87.56601	85.49337	83.06902
528	89.53685	87.57919	85.53158	83.10783
529	89.54967	87.59726	85.56967	83.13142
530	89.53271	87.5612	85.56912	83.13511
531	89.51643	87.56661	85.53624	83.11825
532	89.50586	87.57716	85.56683	83.11273
533	89.47459	87.59203	85.56835	83.12134
534	89.48823	87.61086	85.58405	83.10891
535	89.51996	87.67212	85.6291	83.14366
536	89.54393	87.69328	85.69225	83.1692
537	89.5512	87.70789	85.71404	83.20406
538	89.58361	87.74499	85.7632	83.2384
539	89.55512	87.74529	85.75436	83.26877
540	89.54861	87.7634	85.77317	83.29227
541	89.54784	87.77333	85.78316	83.32445
542	89.53526	87.76996	85.77735	83.33489
543	89.54551	87.76636	85.79476	83.36027
544	89.56402	87.7907	85.82285	83.37742
545	89.56048	87.75674	85.82127	83.3774
546	89.55946	87.75622	85.82549	83.3663
547	89.57301	87.78317	85.84669	83.38246
548	89.5654	87.78208	85.85207	83.39627
549	89.56365	87.79862	85.86897	83.41618
550	89.56524	87.80704	85.88291	83.43073
551	89.57412	87.8331	85.89941	83.46617
552	89.58507	87.83282	85.90514	83.49907
553	89.58947	87.86629	85.90981	83.52335
554	89.61443	87.87001	85.9155	83.54157
555	89.63652	87.89758	85.94785	83.54846
556	89.61501	87.88587	85.96535	83.56894
557	89.608	87.89065	85.96866	83.57005
558	89.62657	87.90421	85.99512	83.57273
559	89.60535	87.90501	85.99623	83.57105
560	89.60867	87.92843	86.00128	83.60818
561	89.61499	87.93252	85.987	83.5893
562	89.61675	87.94293	86.01949	83.59786
563	89.59753	87.93934	86.02048	83.58965
564	89.60145	87.95625	86.043	83.61639
565	89.59251	87.95734	86.07239	83.64361
566	89.60115	87.99423	86.10426	83.68477
567	89.58415	87.99203	86.11196	83.67878
568	89.57397	87.99103	86.10782	83.69638
569	89.56346	87.98158	86.10931	83.68477
570	89.55869	87.95695	86.09345	83.65692
571	89.5521	87.94255	86.09177	83.65387
572	89.56532	87.94666	86.09217	83.6701
573	89.55779	87.94889	86.10873	83.68289
574	89.57119	87.93796	86.10782	83.68661
575	89.5586	87.9518	86.10923	83.6909
576	89.5406	87.94069	86.1213	83.69234
577	89.5087	87.94082	86.11296	83.68619
578	89.48042	87.92867	86.09699	83.66874
579	89.44536	87.91521	86.07629	83.66379
580	89.45933	87.91325	86.06948	83.681
581	89.46859	87.91954	86.06819	83.70065
582	89.48743	87.913	86.0722	83.71501
583	89.53371	87.9183	86.08967	83.74934
584	89.50996	87.90279	86.1046	83.75906
585	89.46513	87.88473	86.10356	83.74553
586	89.45186	87.88189	86.10569	83.75688
587	89.42349	87.85859	86.09661	83.73897
588	89.36079	87.85083	86.08035	83.73008
589	89.36388	87.87804	86.08744	83.72884
590	89.35922	87.88952	86.1181	83.75523
591	89.34515	87.89475	86.13889	83.74364
592	89.34644	87.88764	86.13995	83.76222
593	89.36252	87.88879	86.14453	83.76501
594	89.39799	87.90808	86.17567	83.79471
595	89.41309	87.90957	86.1543	83.78943
596	89.41676	87.88886	86.1309	83.79116
597	89.40562	87.90472	86.14331	83.81254
598	89.40217	87.90829	86.15978	83.83887
599	89.36384	87.88388	86.13113	83.82965
600	89.33355	87.87413	86.13502	83.83287
601	89.31415	87.87271	86.15645	83.84037
602	89.32085	87.90165	86.18634	83.86577
603	89.32585	87.88803	86.16088	83.84689
604	89.36826	87.91645	86.18344	83.87632
605	89.38353	87.92476	86.20992	83.89352
606	89.3822	87.93569	86.1834	83.90472
607	89.38103	87.92565	86.19132	83.89693
608	89.38072	87.93996	86.2456	83.92896
609	89.31535	87.88298	86.24615	83.91824
610	89.31606	87.89751	86.25497	83.94711
611	89.30829	87.89282	86.27688	83.95292
612	89.2968	87.90695	86.27773	83.96549
613	89.25209	87.90759	86.25262	83.95464
614	89.24534	87.92918	86.22868	83.93321
615	89.25298	87.93615	86.2317	83.92872
616	89.24758	87.94524	86.23169	83.93627
617	89.22462	87.9361	86.19591	83.916
618	89.25401	87.92975	86.21181	83.93394
619	89.28039	87.94219	86.21098	83.96169
620	89.2615	87.9148	86.16982	83.95505
621	89.27328	87.90443	86.18277	83.96013
622	89.30156	87.91075	86.23608	83.99309
623	89.28445	87.9002	86.22562	83.98081
624	89.2788	87.91128	86.27348	84.00648
625	89.25758	87.91246	86.28456	84.01147
626	89.2688	87.95572	86.3208	84.03648
627	89.26109	87.94001	86.30189	84.03252
628	89.27257	87.96651	86.33795	84.07673
629	89.26408	87.93772	86.30391	84.0669
630	89.28055	87.92627	86.32664	84.04794
631	89.2313	87.85712	86.27318	84.02489
632	89.22031	87.86521	86.25866	84.01762
633	89.18289	87.82706	86.21342	83.97032
634	89.20428	87.85751	86.243	83.98827
635	89.18763	87.87431	86.25729	84.00961
636	89.22194	87.91202	86.29446	84.03799
637	89.19128	87.88518	86.32395	84.05058
638	89.22384	87.90601	86.34824	84.10146
639	89.18687	87.8981	86.34358	84.09847
640	89.1815	87.89674	86.33394	84.12665
641	89.15671	87.88734	86.30984	84.12679
642	89.17551	87.90013	86.29828	84.12688
643	89.14536	87.88858	86.2963	84.08245
644	89.13399	87.8587	86.30171	84.09328
645	89.13685	87.83524	86.28639	84.06695
646	89.11216	87.84258	86.28179	84.05177
647	89.10303	87.82883	86.28901	84.07322
648	89.08036	87.81687	86.27563	84.07586
649	89.06581	87.80981	86.2682	84.06163
650	89.09879	87.83972	86.30421	84.10713
651	89.11405	87.84348	86.32201	84.14267
652	89.1246	87.86484	86.32838	84.16738
653	89.13168	87.88676	86.33369	84.19453
654	89.12717	87.90443	86.34279	84.19083
655	89.07527	87.89607	86.33722	84.17101
656	89.03781	87.87041	86.33769	84.13445
657	89.04357	87.88908	86.33946	84.1313
658	89.05472	87.88493	86.39123	84.13918
659	89.07446	87.88701	86.40628	84.15717
660	89.05799	87.8793	86.41604	84.16278
661	89.06673	87.89295	86.39105	84.17285
662	89.03463	87.84898	86.35764	84.15918
663	89.02161	87.82895	86.31418	84.15778
664	89.01352	87.81621	86.28882	84.17169
665	89.03175	87.81439	86.27504	84.16483
666	89.06075	87.81194	86.2913	84.18673
667	89.05595	87.84377	86.32593	84.19307
668	89.06418	87.86396	86.35664	84.19266
669	89.03609	87.8492	86.33917	84.18394
670	89.07072	87.83822	86.3485	84.21379
671	89.05899	87.83115	86.37577	84.21304
672	89.05862	87.81043	86.36721	84.23814
673	89.0351	87.80033	86.32454	84.25488
674	89.07039	87.82635	86.41822	84.29005
675	89.04386	87.84663	86.41801	84.31839
676	89.03723	87.85422	86.40092	84.31486
677	89.0388	87.85676	86.40123	84.28289
678	89.07469	87.87977	86.4509	84.32044
679	89.07509	87.87604	86.39233	84.29005
680	89.02065	87.87572	86.41293	84.27516
681	89.00279	87.86862	86.42111	84.30663
682	89.00946	87.87852	86.44179	84.3533
683	88.97374	87.86388	86.41673	84.3382
684	88.96632	87.88099	86.43686	84.37769
685	89.02512	87.88499	86.44094	84.42526
686	89.0536	87.92314	86.4516	84.43572
687	89.0128	87.90192	86.43895	84.4162
688	89.04343	87.91994	86.48947	84.43241
689	89.01807	87.86302	86.47853	84.41216
690	88.99099	87.81784	86.45234	84.38303
691	88.97346	87.79163	86.44339	84.379
692	88.9875	87.83255	86.46284	84.40615
693	88.98927	87.85331	86.45023	84.40855
694	88.97377	87.86391	86.46337	84.43117
695	88.97408	87.91861	86.47977	84.42354
696	88.97573	87.91529	86.51313	84.42287
697	88.99239	87.8987	86.51853	84.44098
698	88.96743	87.87087	86.50529	84.46651
699	89.02554	87.93017	86.53167	84.53724
700	89.07658	87.95826	86.57935	84.56667
701	89.11932	87.96094	86.56645	84.61213
702	89.16444	88.00323	86.62493	84.63009
703	89.20787	88.05943	86.67185	84.67656
704	89.18318	88.07602	86.69583	84.65514
705	89.20916	88.10155	86.73841	84.68822
706	89.18074	88.17589	86.82954	84.70174
707	89.19301	88.20608	86.84408	84.73055
708	89.22249	88.16667	86.84966	84.70094
709	89.24545	88.14955	86.81577	84.68005
710	89.18022	88.09556	86.76105	84.67387
711	89.15584	88.03178	86.71454	84.62605
712	89.13757	88.00587	86.70466	84.60928
713	89.08563	87.98029	86.6914	84.61201
714	89.06411	87.98842	86.72987	84.645
715	89.04517	87.9932	86.71395	84.64126
716	89.05891	88.0118	86.68977	84.66853
717	89.01642	87.99181	86.672	84.63243
718	89.03366	88.03009	86.68441	84.66174
719	89.02991	88.0099	86.67194	84.64557
720	89.02385	87.9827	86.66691	84.61092
721	89.02965	87.98335	86.70526	84.61637
722	89.03433	87.97969	86.72157	84.63696
723	88.97964	87.94898	86.69364	84.60007
724	89.00468	87.96948	86.67847	84.6227
725	89.01812	87.98828	86.67658	84.66291
726	88.97377	87.9627	86.64065	84.64349
727	88.95734	87.92772	86.59541	84.62715
728	88.9603	87.938	86.59455	84.62326
729	88.88371	87.87512	86.57987	84.56331
730	88.85435	87.8819	86.60326	84.56147
731	88.8493	87.86842	86.57719	84.57206
732	88.84393	87.86486	86.56963	84.58973
733	88.83459	87.82674	86.55904	84.59787
734	88.86102	87.84835	86.58279	84.63291
735	88.83638	87.78781	86.54659	84.61119
736	88.84364	87.79345	86.57716	84.61127
737	88.83885	87.81064	86.58719	84.61565
738	88.83466	87.83665	86.60506	84.61433
739	88.8384	87.84856	86.58932	84.58919
740	88.85583	87.8841	86.58555	84.5976
741	88.81694	87.8814	86.58575	84.616
742	88.7942	87.86827	86.57503	84.58788
743	88.79498	87.86277	86.56755	84.60555
744	88.76503	87.80039	86.52901	84.62436
745	88.75108	87.81326	86.5639	84.64919
746	88.77068	87.80167	86.55614	84.64764
747	88.77709	87.78608	86.55292	84.67763
748	88.76331	87.75777	86.53035	84.65438
749	88.75613	87.788	86.55404	84.63435
750	88.75318	87.77193	86.52486	84.61488
751	88.7502	87.77142	86.51091	84.6015
752	88.71464	87.75451	86.50533	84.57259
753	88.68311	87.76288	86.50597	84.56773
754	88.67277	87.76257	86.50424	84.57894
755	88.66474	87.76981	86.54362	84.57727
756	88.62301	87.76601	86.52375	84.58556
757	88.61559	87.75068	86.49094	84.58966
758	88.62614	87.72505	86.48083	84.59351
759	88.62511	87.73656	86.49176	84.61177
760	88.57407	87.68874	86.42339	84.57794
761	88.57684	87.6814	86.44175	84.55167
762	88.56653	87.69292	86.47136	84.55614
763	88.54691	87.67612	86.4541	84.54264
764	88.52447	87.66273	86.44435	84.51207
765	88.55299	87.64088	86.49384	84.53123
766	88.55024	87.60645	86.4763	84.54623
767	88.54262	87.6244	86.43315	84.53831
768	88.54673	87.65929	86.46015	84.52972
769	88.52816	87.60172	86.42484	84.53931
770	88.50249	87.60777	86.3765	84.504
771	88.51415	87.61871	86.35994	84.48988
772	88.50616	87.59538	86.3949	84.48967
773	88.47064	87.56276	86.35495	84.49104
774	88.49411	87.60249	86.3701	84.50964
775	88.47018	87.62603	86.38283	84.53201
776	88.4478	87.58826	86.38799	84.54397
777	88.43907	87.56406	86.36835	84.54237
778	88.46144	87.57042	86.40714	84.55933
779	88.41319	87.52611	86.37233	84.51054
780	88.41441	87.50698	86.35966	84.49801
781	88.42614	87.53471	86.3512	84.48827
782	88.4071	87.52759	86.31293	84.47205
783	88.39838	87.51968	86.26765	84.45676
784	88.40434	87.50715	86.27985	84.50442
785	88.4105	87.48859	86.2506	84.52467
786	88.35342	87.4233	86.23945	84.49205
787	88.40257	87.45168	86.30028	84.5409
788	88.35279	87.42887	86.30679	84.5266
789	88.30637	87.41383	86.28529	84.46487
790	88.31113	87.42403	86.31517	84.46074
791	88.30261	87.45413	86.30186	84.48417
792	88.22483	87.3926	86.23098	84.40955
793	88.22118	87.34039	86.20449	84.37196
794	88.24361	87.33079	86.20299	84.39152
795	88.19268	87.30295	86.20503	84.35951
796	88.19608	87.29005	86.21427	84.33392
797	88.21331	87.28134	86.22549	84.35647
798	88.23475	87.32086	86.26274	84.41824
799	88.2187	87.36134	86.26219	84.42213
800	88.24575	87.3548	86.24866	84.44596
801	88.24988	87.34628	86.20414	84.44219
802	88.22498	87.34721	86.21239	84.42506
803	88.18179	87.31004	86.16887	84.3901
804	88.19862	87.31165	86.20681	84.4034
805	88.15342	87.28852	86.17174	84.38378
806	88.15687	87.28725	86.20234	84.40333
807	88.16077	87.29967	86.22102	84.44321
808	88.16817	87.31996	86.24189	84.46428
809	88.1296	87.28965	86.17302	84.43983
810	88.13541	87.30624	86.20585	84.4533
811	88.10072	87.30954	86.19884	84.46365
812	88.08307	87.28572	86.14579	84.4279
813	88.07708	87.28712	86.16028	84.42403
814	88.07461	87.26064	86.15665	84.40938
815	88.02276	87.23551	86.10391	84.38755
816	88.00074	87.19568	86.08457	84.34896
817	87.99409	87.20377	86.10571	84.33142
818	87.98856	87.17613	86.0447	84.29305
819	87.98797	87.19662	86.07542	84.31528
820	88.02122	87.18587	86.08794	84.32885
821	88.02682	87.18662	86.08705	84.3466
822	88.04744	87.20367	86.10713	84.41332
823	88.04282	87.20854	86.12959	84.42272
824	88.01823	87.19179	86.10752	84.41154
825	88.02756	87.24287	86.12816	84.40376
826	87.99172	87.24661	86.13103	84.39032
827	87.94711	87.17759	86.07661	84.32298
828	87.9141	87.15996	86.07767	84.34757
829	87.93658	87.15237	86.07479	84.35122
830	87.93576	87.09367	86.0819	84.3818
831	87.9737	87.10998	86.08141	84.4202
832	87.98824	87.15293	86.11586	84.41644
833	87.99433	87.17507	86.13297	84.41158
834	87.95145	87.2121	86.13134	84.42924
835	87.93089	87.22293	86.09776	84.43975
836	87.88275	87.19987	86.0855	84.40762
837	87.86947	87.17863	86.09203	84.4482
838	87.87579	87.16874	86.06913	84.41988
839	87.91312	87.16388	86.06503	84.42518
840	87.89271	87.14626	86.06746	84.37393
841	87.90304	87.14597	86.04828	84.37245
842	87.88682	87.15691	86.01963	84.36689
843	87.89699	87.15738	86.03825	84.41003
844	87.89713	87.12972	86.05312	84.41326
845	87.94149	87.16516	86.05347	84.45609
846	87.96349	87.18983	86.1001	84.44905
847	87.95921	87.14622	86.10297	84.44073
848	87.94232	87.16123	86.11858	84.46965
849	87.91569	87.12492	86.10703	84.47997
850	87.85707	87.12728	86.10892	84.51024
851	87.86551	87.12772	86.09892	84.53006
852	87.84972	87.20048	86.12296	84.55554
853	87.76871	87.12405	86.06531	84.48649
854	87.71369	87.11604	86.06051	84.41663
855	87.7366	87.08327	86.03881	84.43336
856	87.67261	87.07121	86.00459	84.38232
857	87.77644	87.05701	86.05467	84.44835
858	87.8467	87.10888	86.06234	84.5172
859	87.90559	87.17173	86.04338	84.60608
860	87.84532	87.11059	86.01013	84.49267
861	87.87305	87.11157	86.04566	84.58224
862	87.75763	87.16388	85.95754	84.60545
863	87.74987	87.10187	85.97455	84.59332
864	87.7188	87.07426	86.00164	84.55341
865	87.81537	87.15855	86.05669	84.63712
866	87.76944	87.03454	85.98999	84.61301
867	87.73628	86.96372	85.90983	84.49541
868	87.73039	87.06532	85.91231	84.48204
869	87.70905	87.0573	85.93054	84.54224
870	87.51955	86.95712	85.7499	84.43199
871	87.55495	87.11692	85.90216	84.48221
872	87.50047	87.05344	85.87898	84.42262
873	87.54133	86.93159	85.92857	84.41086
874	87.53983	87.02749	85.95679	84.44183
875	87.69785	87.14582	86.24627	84.55766
876	87.55355	87.12276	86.11807	84.56363
877	87.62434	87.11938	86.11065	84.69318
878	87.54664	87.1152	85.89354	84.70079
879	87.48711	87.02785	85.91077	84.54511
880	87.44481	86.97232	85.9183	84.51588
881	87.51443	86.91447	85.92063	84.54939
882	87.40141	87.08768	86.1045	84.47495
883	87.39327	87.29958	86.30923	84.58731
884	87.34674	87.24222	86.16299	84.48711
885	87.37321	87.29585	85.99593	84.41415
886	87.43163	87.20815	86.0723	84.37502
887	87.66917	86.97878	86.09604	84.38305
888	87.57665	86.78211	86.16654	84.39212
889	87.76598	86.92815	86.17649	84.55057
890	87.78252	86.8536	86.22864	84.70157
891	87.67052	86.87193	86.32243	84.65363
892	87.62713	86.81122	86.13696	84.61204
893	87.64951	86.83332	85.85934	84.26427
894	87.75996	86.85508	85.90837	84.43806
895	87.27851	86.67458	85.45325	84.11861
896	87.34096	86.81171	85.13345	83.96057
897	87.58115	87.23775	85.28989	84.22942
898	87.73943	87.07806	85.13324	84.22807
899	87.51875	86.97879	85.22013	84.13512
900	88.07453	87.18538	85.67044	84.38701
901	88.18676	87.1679	85.87732	84.57947
902	87.85657	86.98177	85.86897	84.49863
903	87.76615	87.18631	86.18923	84.71246
904	87.77953	87.13203	86.09713	84.63505
905	87.62499	87.23438	86.19543	84.74046
906	87.56306	87.23897	86.24012	84.76899
907	87.62238	87.14416	86.17611	84.65322
908	87.62442	87.15318	86.20073	84.75751
909	87.62795	87.24097	86.31525	84.85509
910	87.67544	87.09145	86.17043	84.69872
911	87.65942	87.05534	86.14019	84.70953
912	87.63865	87.17034	86.24664	84.81657
913	87.68541	87.15733	86.24727	84.75434
914	87.72036	87.08909	86.18845	84.71834
915	87.72797	87.2265	86.33625	84.84859
916	87.75612	87.24349	86.33215	84.80509
917	87.75166	87.13131	86.24158	84.73034
918	87.69857	87.1468	86.2543	84.7651
919	87.6767	87.18525	86.27641	84.74495
920	87.67616	87.09129	86.21931	84.69003
921	87.65235	87.08465	86.25141	84.76027
922	87.63126	87.12902	86.26776	84.7593
923	87.67635	87.09595	86.24432	84.74004
924	87.69939	87.05798	86.2628	84.81071
925	87.67408	87.11442	86.27041	84.83223
926	87.70435	87.10252	86.21537	84.77894
927	87.74113	87.08328	86.25438	84.84193
928	87.71793	87.13012	86.28174	84.853
929	87.65415	87.12398	86.19987	84.76405
930	87.67135	87.06936	86.21398	84.80862
931	87.67793	87.13744	86.27971	84.86387
932	87.6265	87.11252	86.22774	84.78926
933	87.62996	87.06562	86.2191	84.81477
934	87.70655	87.12751	86.30575	84.9054
935	87.67882	87.14224	86.28107	84.83398
936	87.63951	87.05775	86.22662	84.78778
937	87.67876	87.10936	86.28019	84.87357
938	87.67454	87.16075	86.283	84.83717
939	87.61823	87.09997	86.2244	84.80449
940	87.6165	87.08927	86.23625	84.84927
941	87.65753	87.1614	86.28421	84.88496
942	87.63801	87.13702	86.25139	84.82873
943	87.61488	87.09441	86.23967	84.87584
944	87.65236	87.15791	86.2929	84.8726
945	87.66285	87.1496	86.26915	84.84237
946	87.64857	87.09653	86.25964	84.88911
947	87.61858	87.10094	86.29262	84.89232
948	87.64985	87.10525	86.30267	84.85864
949	87.63811	87.04825	86.29317	84.89981
950	87.61902	87.07283	86.33105	84.93565
951	87.63721	87.11799	86.32455	84.88156
952	87.6702	87.12762	86.34808	84.90286
953	87.68317	87.15211	86.34454	84.90498
954	87.66067	87.15697	86.32803	84.90697
955	87.64415	87.14478	86.30994	84.90143
956	87.61741	87.14541	86.29864	84.90356
957	87.60355	87.11109	86.24021	84.92237
958	87.56705	87.09965	86.26176	84.96082
959	87.59055	87.14249	86.28696	84.93156
960	87.62756	87.12905	86.25739	84.95881
961	87.61002	87.10249	86.27512	84.98761
962	87.62391	87.15701	86.33164	84.98834
963	87.65489	87.15389	86.31503	84.99433
964	87.64688	87.12443	86.31075	85.04295
965	87.6321	87.15844	86.35086	85.00458
966	87.66238	87.17531	86.34372	85.01176
967	87.66463	87.13894	86.31768	85.03603
968	87.6266	87.14748	86.35033	85.01917
969	87.62535	87.15459	86.32668	84.9802
970	87.65378	87.15149	86.31794	85.0609
971	87.64156	87.14759	86.33798	85.05047
972	87.61088	87.14645	86.32391	85.00381
973	87.64458	87.14186	86.30817	85.02533
974	87.6525	87.14642	86.3428	85.04372
975	87.63605	87.15618	86.34933	84.98703
976	87.63715	87.144	86.3377	85.01595
977	87.66331	87.14816	86.3753	85.05604
978	87.65124	87.16601	86.38464	85.04256
979	87.62835	87.13844	86.35479	85.0458
980	87.64462	87.11597	86.35361	85.07541
981	87.66814	87.15195	86.38681	85.05119
982	87.65398	87.15519	86.35738	85.04602
983	87.64557	87.14579	86.35265	85.08975
984	87.66888	87.18944	86.39056	85.08687
985	87.65575	87.20476	86.38722	85.09547
986	87.62214	87.17316	86.35799	85.12569
987	87.64675	87.20557	86.40141	85.11742
988	87.64886	87.209	86.3988	85.10294
989	87.64429	87.19186	86.38588	85.14602
990	87.62405	87.17621	86.38784	85.10822
991	87.64252	87.19239	86.40495	85.09517
992	87.62012	87.16774	86.38416	85.13508
993	87.62373	87.15639	86.41212	85.1284
994	87.62581	87.1637	86.41686	85.09986
995	87.65944	87.17442	86.42972	85.15706
996	87.65148	87.17531	86.42529	85.17836
997	87.66545	87.18674	86.43375	85.14922
998	87.66618	87.19651	86.40932	85.16901
999	87.66274	87.1972	86.41324	85.18797
1000	87.63118	87.20872	86.40389	85.14598
1001	87.63129	87.20053	86.39201	85.1433
1002	87.6363	87.18702	86.39377	85.16838
1003	87.64094	87.20123	86.42103	85.15607
1004	87.64355	87.20587	86.41051	85.14539
1005	87.66325	87.18498	86.42021	85.18893
1006	87.66888	87.19936	86.45135	85.19155
1007	87.66564	87.22167	86.47097	85.19757
1008	87.67778	87.19908	86.4546	85.22474
1009	87.66527	87.19228	86.45808	85.20807
1010	87.66148	87.22285	86.4752	85.19409
1011	87.6582	87.21263	86.45882	85.21084
1012	87.65878	87.20605	86.43818	85.20772
1013	87.62974	87.2225	86.44851	85.18812
1014	87.65189	87.22358	86.45247	85.24001
1015	87.65728	87.20443	86.44679	85.2434
1016	87.64369	87.22311	86.4734	85.23736
1017	87.64051	87.21326	86.47469	85.25317
1018	87.65448	87.20238	86.4563	85.26818
1019	87.64342	87.21794	86.4824	85.2396
1020	87.63369	87.2135	86.48038	85.26632
1021	87.65049	87.20503	86.46877	85.28339
1022	87.6495	87.225	86.48139	85.26024
1023	87.6329	87.23018	86.4983	85.27287
1024	87.63792	87.21754	86.48482	85.31367
1025	87.6507	87.24905	86.50648	85.28784
1026	87.6443	87.24505	86.50777	85.26827
1027	87.6341	87.22775	86.50435	85.30247
1028	87.65901	87.24348	86.51888	85.29943
1029	87.65141	87.25127	86.52271	85.27635
1030	87.63906	87.2289	86.50452	85.30038
1031	87.65372	87.23838	86.50811	85.31214
1032	87.67556	87.26127	86.53072	85.31029
1033	87.66389	87.24346	86.52073	85.33211
1034	87.66688	87.24384	86.52097	85.33991
1035	87.68322	87.26139	86.54418	85.33055
1036	87.67587	87.25319	86.5414	85.35438
1037	87.65651	87.233	86.51967	85.35247
1038	87.67467	87.26723	86.54418	85.3416
1039	87.6939	87.26183	86.5554	85.36163
1040	87.67449	87.25056	86.5374	85.38179
1041	87.67535	87.27087	86.55507	85.35839
1042	87.69266	87.2738	86.5771	85.37756
1043	87.67856	87.24326	86.55089	85.38246
1044	87.65285	87.25639	86.54804	85.36498
1045	87.66228	87.26509	86.57352	85.38063
1046	87.6611	87.25068	86.56261	85.40626
1047	87.64933	87.26223	86.56001	85.38083
1048	87.64905	87.27078	86.58492	85.38801
1049	87.68181	87.27032	86.59481	85.42577
1050	87.69218	87.27082	86.58191	85.40107
1051	87.68526	87.28054	86.59269	85.39483
1052	87.69773	87.28365	86.58955	85.43952
1053	87.71454	87.29753	86.58977	85.4379
1054	87.68799	87.29385	86.58739	85.41013
1055	87.67677	87.28873	86.5801	85.44527
1056	87.69555	87.29078	86.57626	85.45879
1057	87.69286	87.30274	86.6022	85.44048
1058	87.67961	87.28947	86.59819	85.4605
1059	87.69597	87.28802	86.59838	85.47695
1060	87.71294	87.31452	86.62764	85.47328
1061	87.70033	87.31092	86.64278	85.47839
1062	87.70421	87.28748	86.61989	85.48832
1063	87.73173	87.31636	86.64738	85.48867
1064	87.72517	87.33032	86.65672	85.50274
1065	87.71381	87.30663	86.63004	85.49023
1066	87.73321	87.31721	86.63751	85.49255
1067	87.7382	87.34123	86.6512	85.50526
1068	87.7062	87.30871	86.61971	85.50705
1069	87.70214	87.30106	86.60607	85.48732
1070	87.7204	87.32707	86.64594	85.50707
1071	87.70631	87.3281	86.64387	85.52005
1072	87.69482	87.31707	86.63632	85.50179
1073	87.7225	87.35131	86.6721	85.51596
1074	87.73537	87.36386	86.69434	85.55357
1075	87.71547	87.35088	86.6782	85.549
1076	87.7179	87.35039	86.69149	85.54297
1077	87.7381	87.36279	86.71372	85.58399
1078	87.72194	87.33905	86.69778	85.57032
1079	87.70896	87.33768	86.69563	85.5461
1080	87.72312	87.34574	86.70454	85.57417
1081	87.7252	87.34649	86.68641	85.58247
1082	87.70143	87.34492	86.68266	85.56989
1083	87.71732	87.36562	86.69727	85.59407
1084	87.73926	87.37057	86.69819	85.61184
1085	87.73962	87.37844	86.70026	85.59879
1086	87.74178	87.37865	86.71818	85.61123
1087	87.75489	87.36836	86.70763	85.60192
1088	87.7533	87.37489	86.70551	85.60564
1089	87.73029	87.37513	86.71416	85.60996
1090	87.73167	87.35468	86.69511	85.61092
1091	87.73468	87.36805	86.69697	85.60284
1092	87.73363	87.39654	86.72443	85.62643
1093	87.73088	87.3826	86.71478	85.62988
1094	87.74787	87.36965	86.7039	85.62088
1095	87.74573	87.39658	86.73855	85.63995
1096	87.7565	87.39378	86.74278	85.6644
1097	87.76063	87.37415	86.71888	85.64967
1098	87.76113	87.38852	86.74326	85.65117
1099	87.766	87.41581	86.75936	85.68152
1100	87.77153	87.40093	86.74661	85.67545
1101	87.76016	87.40261	86.74603	85.67131
1102	87.75943	87.42507	86.7674	85.70225
1103	87.77453	87.41895	86.76418	85.70985
1104	87.76392	87.40953	86.76564	85.70689
1105	87.75994	87.41557	86.77642	85.71671
1106	87.7689	87.41544	86.77438	85.70956
1107	87.7786	87.40032	86.77603	85.6983
1108	87.76113	87.40269	86.78391	85.69848
1109	87.77251	87.39874	86.77993	85.69806
1110	87.78756	87.41045	86.78293	85.70656
1111	87.78268	87.42657	86.80123	85.7354
1112	87.77178	87.42484	86.78854	85.73621
1113	87.78367	87.43764	86.78384	85.74645
1114	87.78204	87.4528	86.80383	85.76449
1115	87.77283	87.4447	86.80165	85.7652
1116	87.77186	87.43214	86.78358	85.74556
1117	87.80338	87.45374	86.81171	85.77372
1118	87.79948	87.44727	86.81441	85.77407
1119	87.78976	87.43564	86.7971	85.74899
1120	87.79572	87.44105	86.81032	85.76008
1121	87.81329	87.46034	86.83434	85.78807
1122	87.79483	87.44462	86.81488	85.7747
1123	87.78606	87.44109	86.81804	85.77582
1124	87.80521	87.46241	86.8368	85.80667
1125	87.8055	87.46046	86.82729	85.80491
1126	87.78709	87.45098	86.81724	85.79399
1127	87.78015	87.46473	86.827	85.7944
1128	87.80342	87.4743	86.83146	85.80629
1129	87.79404	87.46902	86.83234	85.79601
1130	87.79326	87.48022	86.85004	85.80931
1131	87.81382	87.48225	86.8502	85.81656
1132	87.82944	87.4777	86.86317	85.8205
1133	87.81926	87.49117	86.87244	85.83075
1134	87.82988	87.48786	86.8692	85.83814
1135	87.83901	87.48169	86.87259	85.82571
1136	87.82999	87.49348	86.89035	85.84275
1137	87.83229	87.50182	86.89268	85.867
1138	87.83672	87.49136	86.88849	85.85354
1139	87.83139	87.49638	86.91339	85.86707
1140	87.83276	87.51599	86.91425	85.8886
1141	87.84077	87.50364	86.90266	85.86627
1142	87.83658	87.50636	86.90655	85.8631
1143	87.84069	87.52044	86.91556	85.8947
1144	87.85164	87.52114	86.89759	85.89184
1145	87.85004	87.50816	86.9019	85.8882
1146	87.8619	87.53948	86.91956	85.93311
1147	87.86598	87.5425	86.91942	85.92789
1148	87.86577	87.52953	86.92287	85.90993
1149	87.86497	87.53913	86.93517	85.92603
1150	87.86285	87.55485	86.93339	85.93207
1151	87.84887	87.5244	86.93134	85.90599
1152	87.85426	87.52726	86.93884	85.91954
1153	87.85049	87.54928	86.94047	85.94467
1154	87.84747	87.53854	86.94317	85.94154
1155	87.85532	87.52856	86.95539	85.95152
1156	87.86008	87.55237	86.95348	85.9619
1157	87.85609	87.5526	86.95167	85.95678
1158	87.87054	87.54557	86.97181	85.96325
1159	87.8821	87.56493	86.9779	85.98392
1160	87.88129	87.5705	86.97517	85.97616
1161	87.89294	87.56987	86.99899	85.98482
1162	87.9025	87.58405	87.00921	86.01543
1163	87.89444	87.57999	86.98666	85.98788
1164	87.89552	87.57632	87.00246	85.9831
1165	87.91357	87.59552	87.01212	86.01427
1166	87.91515	87.6001	86.99363	86.02151
1167	87.90829	87.58669	86.98859	86.00757
1168	87.91906	87.60605	87.01138	86.03265
1169	87.9257	87.61584	86.999	86.03242
1170	87.907	87.5982	86.99496	86.0098
1171	87.9082	87.60367	87.01833	86.02455
1172	87.92321	87.6283	87.03594	86.04144
1173	87.92415	87.60992	87.02566	86.03652
1174	87.91706	87.60891	87.03934	86.05631
1175	87.93732	87.63512	87.04828	86.07988
1176	87.94292	87.63298	87.05001	86.07404
1177	87.93787	87.62656	87.0607	86.08456
1178	87.94033	87.65023	87.07645	86.10363
1179	87.96099	87.66376	87.07808	86.09408
1180	87.95222	87.64475	87.09041	86.10065
1181	87.94306	87.64904	87.08803	86.1123
1182	87.95319	87.65725	87.081	86.10493
1183	87.965	87.65877	87.08631	86.1176
1184	87.95908	87.6569	87.09871	86.14841
1185	87.96204	87.67165	87.09126	86.14661
1186	87.9807	87.67639	87.1071	86.1572
1187	87.97825	87.67732	87.11645	86.16659
1188	87.96056	87.67552	87.09901	86.15059
1189	87.9595	87.67043	87.09457	86.12999
1190	87.97967	87.68808	87.11691	86.15639
1191	87.97238	87.68696	87.09976	86.15115
1192	87.97522	87.68284	87.09634	86.1488
1193	88.0006	87.7014	87.1311	86.17262
1194	87.99752	87.70815	87.12203	86.18356
1195	87.9824	87.68779	87.09877	86.15591
1196	87.99451	87.69585	87.1178	86.16462
1197	87.99947	87.705	87.12101	86.17608
1198	87.98658	87.69724	87.10295	86.16383
1199	87.99936	87.6993	87.11983	86.1708
1200	88.01547	87.71985	87.14516	86.20221
1201	88.00858	87.73233	87.14362	86.19907
1202	88.00432	87.7263	87.15335	86.20506
1203	88.01983	87.72977	87.16277	86.22787
1204	88.02439	87.74306	87.16071	86.2315
1205	88.02246	87.73783	87.16916	86.22861
1206	88.03549	87.72808	87.1804	86.2525
1207	88.05501	87.75484	87.18243	86.2556
1208	88.04788	87.76038	87.19215	86.25405
1209	88.03791	87.76557	87.21077	86.26933
1210	88.039	87.77181	87.19875	86.27006
1211	88.0389	87.78159	87.20026	86.25909
1212	88.02821	87.7713	87.21642	86.27752
1213	88.04275	87.77911	87.22446	86.28675
1214	88.05741	87.78075	87.21655	86.2785
1215	88.06296	87.7845	87.23454	86.30053
1216	88.06747	87.78069	87.23454	86.31735
1217	88.0769	87.78399	87.21786	86.30662
1218	88.07169	87.77267	87.22452	86.31215
1219	88.06569	87.77554	87.24018	86.3393
1220	88.06502	87.78173	87.22907	86.32233
1221	88.0644	87.78642	87.23753	86.32095
1222	88.06854	87.79583	87.26604	86.34264
1223	88.073	87.8138	87.25854	86.33526
1224	88.0884	87.81429	87.25683	86.32616
1225	88.10001	87.82079	87.27693	86.35639
1226	88.107	87.84636	87.28073	86.36743
1227	88.11115	87.8447	87.27052	86.34536
1228	88.11607	87.83935	87.28526	86.36969
1229	88.12122	87.85118	87.29869	86.38012
1230	88.12088	87.85818	87.29089	86.37158
1231	88.11866	87.84023	87.29879	86.38895
1232	88.12386	87.85274	87.31602	86.42303
1233	88.13612	87.86864	87.31693	86.42847
1234	88.14169	87.86176	87.32112	86.43864
1235	88.13877	87.84911	87.3333	86.44625
1236	88.15826	87.88015	87.34427	86.44749
1237	88.16616	87.88418	87.34882	86.45255
1238	88.16061	87.87138	87.35641	86.45795
1239	88.15614	87.89268	87.35264	86.46062
1240	88.16918	87.91356	87.36304	86.47872
1241	88.1666	87.89953	87.37429	86.48453
1242	88.15667	87.89833	87.36767	86.47159
1243	88.16923	87.91925	87.36981	86.47974
1244	88.17752	87.91108	87.37981	86.49857
1245	88.17178	87.90974	87.37534	86.48498
1246	88.17345	87.91849	87.3741	86.49308
1247	88.19881	87.92534	87.38995	86.53138
1248	88.20635	87.92326	87.4059	86.52891
1249	88.21008	87.94557	87.40999	86.52011
1250	88.22573	87.95482	87.42702	86.54903
1251	88.23042	87.95823	87.43526	86.54226
1252	88.21816	87.9667	87.43065	86.52291
1253	88.212	87.97199	87.43169	86.54457
1254	88.23197	87.96955	87.45325	86.55899
1255	88.22536	87.96551	87.44666	86.54111
1256	88.21448	87.9614	87.44042	86.55879
1257	88.22557	87.95973	87.45865	86.57162
1258	88.24001	87.97383	87.45889	86.57178
1259	88.22421	87.98109	87.44135	86.58248
1260	88.23948	87.99118	87.46732	86.60823
1261	88.27456	88.00394	87.48409	86.60816
1262	88.27177	88.0201	87.48527	86.62907
1263	88.26645	88.02034	87.50454	86.63741
1264	88.27971	88.00931	87.52168	86.63402
1265	88.27811	88.01975	87.50704	86.64278
1266	88.26189	88.02864	87.5132	86.66423
1267	88.27158	88.01791	87.51898	86.64674
1268	88.28243	88.02517	87.52259	86.6559
1269	88.28796	88.05932	87.54195	86.68687
1270	88.29926	88.05479	87.56092	86.68069
1271	88.31131	88.0493	87.56018	86.67366
1272	88.3087	88.06595	87.56303	86.70479
1273	88.31447	88.07018	87.57265	86.70018
1274	88.31018	88.04753	87.55615	86.68433
1275	88.31396	88.06175	87.55608	86.7032
1276	88.31281	88.08783	87.57882	86.71962
1277	88.32613	88.08849	87.58928	86.71492
1278	88.32645	88.09441	87.58192	86.7358
1279	88.3363	88.11472	87.60863	86.74837
1280	88.33251	88.10293	87.60823	86.74187
1281	88.34637	88.09279	87.59037	86.74874
1282	88.35606	88.10605	87.60206	86.76279
1283	88.35751	88.11134	87.61063	86.76219
1284	88.36655	88.11295	87.59682	86.76899
1285	88.38235	88.13326	87.61639	86.78233
1286	88.38402	88.14559	87.64264	86.7823
1287	88.37955	88.14053	87.62663	86.78715
1288	88.39622	88.14559	87.63599	86.79138
1289	88.38969	88.14429	87.65408	86.78279
1290	88.39305	88.15137	87.66063	86.80206
1291	88.39789	88.15859	87.65699	86.81029
1292	88.39396	88.14966	87.66712	86.79675
1293	88.38969	88.14437	87.6613	86.80051
1294	88.40451	88.15325	87.66266	86.82726
1295	88.40968	88.15979	87.66373	86.81118
1296	88.40434	88.15014	87.65491	86.81288
1297	88.42102	88.17323	87.66647	86.84914
1298	88.42924	88.19191	87.68661	86.85532
1299	88.42411	88.19451	87.68617	86.84789
1300	88.4212	88.19157	87.68748	86.87569
1301	88.43707	88.19912	87.70674	86.87817
1302	88.44495	88.21155	87.72437	86.87015
1303	88.44486	88.20202	87.71625	86.89084
1304	88.4565	88.2168	87.73481	86.91055
1305	88.46978	88.23309	87.74059	86.88766
1306	88.46815	88.23649	87.7317	86.90664
1307	88.46833	88.23843	87.73308	86.91899
1308	88.48454	88.26437	87.75684	86.91505
1309	88.4929	88.25817	87.75463	86.91849
1310	88.49502	88.25459	87.76144	86.95187
1311	88.51155	88.28012	87.78635	86.95108
1312	88.53445	88.29061	87.79899	86.96521
1313	88.535	88.28498	87.79062	86.98556
1314	88.52607	88.29317	87.79745	86.9713
1315	88.54716	88.31399	87.81168	86.9841
1316	88.55074	88.3082	87.82309	87.02183
1317	88.53026	88.29981	87.81303	87.00042
1318	88.53506	88.31242	87.82275	86.99291
1319	88.53584	88.30932	87.81952	87.00206
1320	88.50475	88.29144	87.78407	86.98785
1321	88.48939	88.29025	87.77372	86.94922
1322	88.4888	88.28638	87.77322	86.94987
1323	88.47765	88.28477	87.76399	86.94951
1324	88.48489	88.29028	87.77535	86.9524
1325	88.51006	88.30265	87.81789	86.95272
1326	88.51952	88.30929	87.81432	86.97124
1327	88.52636	88.32597	87.82433	86.99448
1328	88.54082	88.32432	87.85914	86.99525
1329	88.5503	88.33259	87.84832	87.01626
1330	88.53507	88.33762	87.8333	87.02401
1331	88.54016	88.33419	87.84721	87.02338
1332	88.55412	88.32892	87.85316	87.03111
1333	88.5563	88.35007	87.82742	87.04803
1334	88.54684	88.33736	87.84538	87.0273
1335	88.56536	88.3368	87.8654	87.03331
1336	88.58193	88.36611	87.87261	87.06212
1337	88.57303	88.38288	87.88145	87.05241
1338	88.57281	88.37228	87.90048	87.05462
1339	88.6055	88.41799	87.9162	87.10641
1340	88.60464	88.43121	87.92044	87.10601
1341	88.59479	88.41816	87.93235	87.0927
1342	88.62103	88.42514	87.92144	87.12868
1343	88.63231	88.44978	87.92639	87.13577
1344	88.62359	88.43436	87.93758	87.11168
1345	88.63483	88.42958	87.93025	87.1347
1346	88.66024	88.46317	87.93108	87.15218
1347	88.64941	88.4621	87.95179	87.13112
1348	88.64146	88.44212	87.94967	87.13955
1349	88.65151	88.45761	87.93901	87.15914
1350	88.64663	88.47557	87.96589	87.15356
1351	88.63036	88.44428	87.96881	87.16353
1352	88.63822	88.45966	87.97738	87.19603
1353	88.65554	88.48831	88.00603	87.2028
1354	88.65833	88.47892	88.02029	87.2155
1355	88.66355	88.47908	88.00919	87.23907
1356	88.66831	88.50257	88.02336	87.22345
1357	88.6752	88.50037	88.04179	87.22507
1358	88.67516	88.50125	88.03376	87.25726
1359	88.66703	88.51907	88.03236	87.2298
1360	88.68404	88.51951	88.05827	87.22907
1361	88.68971	88.52249	88.04836	87.26667
1362	88.69942	88.54519	88.04408	87.26323
1363	88.71776	88.54469	88.06528	87.24483
1364	88.73636	88.54137	88.0631	87.29437
1365	88.73984	88.56348	88.07011	87.31283
1366	88.75069	88.56087	88.09219	87.29337
1367	88.76347	88.5493	88.09882	87.32552
1368	88.75607	88.55676	88.08672	87.34132
1369	88.7592	88.56165	88.11414	87.31987
1370	88.76045	88.54269	88.10369	87.32497
1371	88.76549	88.54682	88.10349	87.34003
1372	88.77233	88.5654	88.11726	87.32012
1373	88.78799	88.56154	88.11943	87.31667
1374	88.78311	88.55095	88.10312	87.33516
1375	88.79579	88.58734	88.13046	87.33381
1376	88.80434	88.59838	88.13682	87.33987
1377	88.80482	88.5843	88.1248	87.37518
1378	88.79248	88.59026	88.13842	87.37241
1379	88.80929	88.62976	88.16842	87.38802
1380	88.80037	88.59905	88.12428	87.39394
1381	88.78822	88.58894	88.11968	87.37877
1382	88.78259	88.61728	88.14735	87.35728
1383	88.7987	88.61955	88.14395	87.3931
1384	88.79156	88.6003	88.13283	87.37244
1385	88.79835	88.61775	88.16908	87.36661
1386	88.81837	88.64565	88.17459	87.40503
1387	88.82066	88.62385	88.14699	87.39589
1388	88.80989	88.62246	88.15071	87.35911
1389	88.80938	88.62645	88.14379	87.37916
1390	88.81009	88.61649	88.13219	87.38842
1391	88.7905	88.59664	88.13221	87.34552
1392	88.76325	88.58524	88.12096	87.34962
1393	88.7635	88.57445	88.10522	87.36432
1394	88.76173	88.56499	88.11628	87.33868
1395	88.74179	88.56098	88.10322	87.33757
1396	88.73441	88.54091	88.08382	87.35417
1397	88.74959	88.53275	88.09547	87.33551
1398	88.73042	88.53404	88.10557	87.32298
1399	88.70453	88.51579	88.06599	87.31917
1400	88.71925	88.50278	88.08045	87.29534
1401	88.72808	88.52344	88.10303	87.30318
1402	88.71201	88.52435	88.07953	87.32158
1403	88.70998	88.50241	88.05457	87.29537
1404	88.73131	88.52221	88.08554	87.3082
1405	88.71352	88.53371	88.06601	87.33269
1406	88.7057	88.51813	88.04714	87.31159
1407	88.72424	88.52782	88.07082	87.29633
1408	88.73785	88.55682	88.08033	87.33504
1409	88.74508	88.55296	88.06422	87.33171
1410	88.74008	88.53976	88.08023	87.29482
1411	88.75577	88.55557	88.08598	87.32809
1412	88.75284	88.56144	88.07404	87.33588
1413	88.74725	88.54893	88.08888	87.31579
1414	88.74191	88.5519	88.09747	87.32631
1415	88.7657	88.57845	88.0976	87.3511
1416	88.7581	88.57303	88.11459	87.33726
1417	88.76586	88.5811	88.13593	87.36129
1418	88.78287	88.59666	88.12453	87.38691
1419	88.7945	88.605	88.14922	87.3913
1420	88.8002	88.60815	88.18034	87.42055
1421	88.80775	88.62325	88.15767	87.42479
1422	88.81248	88.62516	88.15876	87.41478
1423	88.80897	88.63131	88.18989	87.43574
1424	88.8093	88.63406	88.17091	87.43719
1425	88.81774	88.64303	88.15302	87.41628
1426	88.82944	88.64144	88.20194	87.44574
1427	88.83807	88.65927	88.21133	87.47681
1428	88.84651	88.68016	88.20543	87.44965
1429	88.8539	88.70336	88.24339	87.47365
1430	88.85857	88.72182	88.25523	87.51476
1431	88.86557	88.74499	88.22978	87.48769
1432	88.86311	88.72121	88.24936	87.48034
1433	88.87589	88.73161	88.26965	87.53433
1434	88.89355	88.75192	88.26436	87.53075
1435	88.91393	88.76044	88.28696	87.52564
1436	88.9263	88.76193	88.32679	87.5826
1437	88.95046	88.8196	88.33439	87.59942
1438	88.97147	88.8205	88.36005	87.58356
1439	88.97617	88.81358	88.38726	87.61211
1440	88.97916	88.83425	88.38774	87.62292
1441	89.00243	88.88322	88.40351	87.62078
1442	89.01766	88.87622	88.42802	87.65765
1443	89.0096	88.88855	88.40187	87.67546
1444	89.03609	88.9143	88.41192	87.68508
1445	89.07126	88.92566	88.46127	87.73211
1446	89.077	88.90892	88.45247	87.74624
1447	89.07542	88.92358	88.45094	87.72009
1448	89.12633	88.94148	88.51503	87.75767
1449	89.13731	88.94286	88.52251	87.77428
1450	89.10732	88.94798	88.49314	87.73478
1451	89.11768	88.96323	88.52544	87.75884
1452	89.15338	88.97846	88.55148	87.81059
1453	89.13711	89.00233	88.54023	87.8022
1454	89.13927	89.01151	88.55203	87.8125
1455	89.1829	89.00674	88.58441	87.86488
1456	89.17558	89.01333	88.58083	87.84599
1457	89.16901	89.02836	88.57112	87.84605
1458	89.19141	89.01831	88.59016	87.88077
1459	89.21169	89.02427	88.58995	87.88535
1460	89.20997	89.05264	88.61408	87.89479
1461	89.23363	89.0581	88.6309	87.94456
1462	89.26514	89.07767	88.65342	87.94821
1463	89.27787	89.11667	88.66644	87.939
1464	89.27841	89.14174	88.69957	87.97446
1465	89.29502	89.14449	88.68884	87.97694
1466	89.31705	89.16805	88.70122	87.96765
1467	89.30655	89.17342	88.74559	88.01524
1468	89.30872	89.15203	88.74253	88.03658
1469	89.33763	89.16601	88.73318	88.03548
1470	89.34685	89.19587	88.77393	88.07667
1471	89.34048	89.20002	88.79044	88.10073
1472	89.34927	89.19775	88.7627	88.06709
1473	89.37205	89.24541	88.80644	88.10341
1474	89.36489	89.24521	88.82568	88.11928
1475	89.36729	89.23184	88.80442	88.08925
1476	89.38522	89.25411	88.81383	88.10442
1477	89.40929	89.30309	88.8508	88.15139
1478	89.40921	89.28259	88.8154	88.12815
1479	89.42516	89.29261	88.8314	88.14206
1480	89.43502	89.32156	88.84885	88.17045
1481	89.44535	89.32589	88.85886	88.16659
1482	89.44868	89.3061	88.84405	88.16789
1483	89.46187	89.33051	88.8848	88.20074
1484	89.4625	89.342	88.89739	88.19411
1485	89.48174	89.34116	88.92435	88.21543
1486	89.49216	89.353	88.94949	88.24456
1487	89.48876	89.35229	88.95362	88.23465
1488	89.48627	89.34447	88.9523	88.23868
1489	89.49483	89.36108	88.98074	88.28374
1490	89.50401	89.37668	88.97461	88.26272
1491	89.50407	89.37088	88.95683	88.26042
1492	89.524	89.38839	88.99992	88.29827
1493	89.54733	89.4236	89.0169	88.29835
1494	89.55545	89.41087	88.98071	88.27927
1495	89.5518	89.41608	89.00447	88.33868
1496	89.5805	89.44604	89.02846	88.3417
1497	89.58882	89.44395	89.00096	88.34402
1498	89.56042	89.41216	89.00285	88.36875
1499	89.54226	89.41109	89.03214	88.39563
1500	89.52279	89.38953	89.02287	88.38358
