2.750000000000000000e+02 2.157303351402008129e+00 2.051068569460362256e-01
2.809045226130653532e+02 2.221708801170708902e+00 1.971153931273675886e-01
2.868090452261306496e+02 2.257982841309614130e+00 1.910714975522638248e-01
2.927135678391960028e+02 2.286210932077726188e+00 1.849074975008729582e-01
2.986180904522612991e+02 2.311256234225110173e+00 1.780528378676694834e-01
3.045226130653266523e+02 2.335021292977796481e+00 1.701915423111202974e-01
3.104271356783919487e+02 2.358434476543340708e+00 1.610520088777065983e-01
3.163316582914573019e+02 2.381999389849218218e+00 1.503241953492796545e-01
3.222361809045225982e+02 2.405981885338000836e+00 1.375826331864846153e-01
3.281407035175879514e+02 2.430452535187601626e+00 1.221504005992694319e-01
3.340452261306532478e+02 2.455180047700474599e+00 1.027515956338071884e-01
3.399497487437186010e+02 2.478943864428917010e+00 7.619902724158388041e-02
3.458542713567838973e+02 2.473354422528873275e+00 2.063669700852033967e-02
3.517587939698492505e+02 2.440502041623346940e+00 5.450776773562060820e-03
3.576633165829146037e+02 2.415120945369783723e+00 5.885997220521251884e-03
3.635678391959799001e+02 2.399171342939130813e+00 6.324581538294659841e-03
3.694723618090451964e+02 2.387398768485812894e+00 6.776878875627259137e-03
3.753768844221105496e+02 2.378021818667935605e+00 7.246728593197132064e-03
3.812814070351759028e+02 2.370192572026324829e+00 7.736279985813139005e-03
3.871859296482411992e+02 2.363437003497103284e+00 8.247024361319195418e-03
3.930904522613064955e+02 2.357462904667861014e+00 8.780141684171420893e-03
3.989949748743718487e+02 2.352077723220451055e+00 9.336646022766424691e-03
4.048994974874372019e+02 2.347148234840009007e+00 9.917455590656598652e-03
4.108040201005024983e+02 2.342578756421370034e+00 1.052342979705606779e-02
4.167085427135678515e+02 2.338298506652892961e+00 1.115539019881596310e-02
4.226130653266332047e+02 2.334253856295698260e+00 1.181413292407774811e-02
4.285175879396985010e+02 2.330403361132868056e+00 1.250043627505308987e-02
4.344221105527637974e+02 2.326714460392457440e+00 1.321506545679468174e-02
4.403266331658291506e+02 2.323161214285858200e+00 1.395877551333132155e-02
4.462311557788945038e+02 2.319722712897626771e+00 1.473231310133056061e-02
4.521356783919598001e+02 2.316381931929139437e+00 1.553641748218937552e-02
4.580402010050250965e+02 2.313124893617612976e+00 1.637182097154463167e-02
4.639447236180904497e+02 2.309940040805286809e+00 1.723924900019636539e-02
4.698492462311558029e+02 2.306817762859347365e+00 1.813941988829540636e-02
4.757537688442210992e+02 2.303750031691140787e+00 1.907304440175911983e-02
4.816582914572863956e+02 2.300730118868609342e+00 2.004082513866172269e-02
4.875628140703517488e+02 2.297752373309597029e+00 2.104345577916933926e-02
4.934673366834171020e+02 2.294812044816137320e+00 2.208162022316968384e-02
4.993718592964823983e+02 2.291905142702980402e+00 2.315599163320734843e-02
5.052763819095476947e+02 2.289028321580636849e+00 2.426723139579307215e-02
5.111809045226130479e+02 2.286178788355604841e+00 2.541598801118298556e-02
5.170854271356784011e+02 2.283354225958119432e+00 2.660289591913097759e-02
5.229899497487436975e+02 2.280552730367411574e+00 2.782857426678436719e-02
5.288944723618089938e+02 2.277772758289022370e+00 2.909362562365096216e-02
5.347989949748744039e+02 2.275013083425679206e+00 3.039863464764298515e-02
5.407035175879397002e+02 2.272272759726822855e+00 3.174416670573380894e-02
5.466080402010049966e+02 2.269551090340073518e+00 3.313076645211073673e-02
5.525125628140704066e+02 2.266847601248079602e+00 3.455895636669749360e-02
5.584170854271357030e+02 2.264162018775877971e+00 3.602923525635243207e-02
5.643216080402009993e+02 2.261494250311454568e+00 3.754207672104142857e-02
5.702261306532664094e+02 2.258844367706185796e+00 3.909792758723636824e-02
5.761306532663315920e+02 2.256212592920023408e+00 4.069720631050458698e-02
5.820351758793970021e+02 2.253599285554599874e+00 4.234030134924850197e-02
5.879396984924622984e+02 2.251004931980229884e+00 4.402756951155719495e-02
5.938442211055275948e+02 2.248430135813459518e+00 4.575933427694323097e-02
5.997487437185930048e+02 2.245875609542923979e+00 4.753588409469231696e-02
6.056532663316583012e+02 2.243342167134836362e+00 4.935747066051691251e-02
6.115577889447235975e+02 2.240830717476911538e+00 5.122430717296090619e-02
6.174623115577890076e+02 2.238342258542215468e+00 5.313656657104174480e-02
6.233668341708541902e+02 2.235877872173191339e+00 5.509437975425705153e-02
6.292713567839196003e+02 2.233438719401730221e+00 5.709783378604708221e-02
6.351758793969848966e+02 2.231026036234202703e+00 5.914697008146237861e-02
6.410804020100501930e+02 2.228641129841294699e+00 6.124178257956666011e-02
6.469849246231156030e+02 2.226285375101722863e+00 6.338221590070748646e-02
6.528894472361808994e+02 2.223960211456658342e+00 6.556816348852220755e-02
6.587939698492461957e+02 2.221667140038268151e+00 6.779946573594568260e-02
6.646984924623116058e+02 2.219407721041357195e+00 7.007590809420227718e-02
6.706030150753769021e+02 2.217183571311784895e+00 7.239721916296275317e-02
6.765075376884421985e+02 2.214996362129314722e+00 7.476306875944321861e-02
6.824120603015076085e+02 2.212847817165851438e+00 7.717306596336459545e-02
6.883165829145727912e+02 2.210739710602772412e+00 7.962675713401269617e-02
6.942211055276382012e+02 2.208673865393270486e+00 8.212362389474582580e-02
7.001256281407034976e+02 2.206652151657328087e+00 8.466308107936933169e-02
7.060301507537687939e+02 2.204676485198195923e+00 8.724447463384363277e-02
7.119346733668342040e+02 2.202748826130023208e+00 8.986707946572108918e-02
7.178391959798995003e+02 2.200871177606551488e+00 9.253009723248185880e-02
7.237437185929647967e+02 2.199045584640614059e+00 9.523265405893606428e-02
7.296482412060302067e+02 2.197274133003412455e+00 9.797379817246415490e-02
7.355527638190953894e+02 2.195558948191216775e+00 1.007524974437396525e-01
7.414572864321607994e+02 2.193902194445184861e+00 1.035676368193209212e-01
7.473618090452260958e+02 2.192306073807280598e+00 1.064180156312696246e-01
7.532663316582913922e+02 2.190772825191789952e+00 1.093023447679785792e-01
7.591708542713568022e+02 2.189304723447486278e+00 1.122192436893515582e-01
7.650753768844220986e+02 2.187904078380050521e+00 1.151672372688499757e-01
7.709798994974873949e+02 2.186573233697673313e+00 1.181447524445856656e-01
7.768844221105528050e+02 2.185314565834769240e+00 1.211501146616971031e-01
7.827889447236181013e+02 2.184130482599211831e+00 1.241815440891080868e-01
7.886934673366833977e+02 2.183023421577248602e+00 1.272371515951814525e-01
7.945979899497486940e+02 2.181995848217118006e+00 1.303149344696136469e-01
8.005025125628141041e+02 2.181050253497129443e+00 1.334127718827327058e-01
8.064070351758794004e+02 2.180189151066427744e+00 1.365284200792330760e-01
8.123115577889446968e+02 2.179415073726617802e+00 1.396595073111419893e-01
8.182160804020099931e+02 2.178730569099863512e+00 1.428035285253548836e-01
8.241206030150754032e+02 2.178138194303818498e+00 1.459578398348026218e-01
8.300251256281406995e+02 2.177640509425984305e+00 1.491196528199284221e-01
8.359296482412059959e+02 2.177240069560050895e+00 1.522860287294022508e-01
8.418341708542714059e+02 2.176939415134894418e+00 1.554538726767718815e-01
8.477386934673367023e+02 2.176741060234140157e+00 1.586199279637413584e-01
8.536432160804019986e+02 2.176647478571698269e+00 1.617807707020724184e-01
8.595477386934672950e+02 2.176661086758437502e+00 1.649328049553093756e-01
8.654522613065327050e+02 2.176784224469622053e+00 1.680722586793607642e-01
8.713567839195980014e+02 2.177019131105530025e+00 1.711951808077012138e-01
8.772613065326632977e+02 2.177367918533196001e+00 1.742974399023328180e-01
8.831658291457285941e+02 2.177832539511271204e+00 1.773747248746040672e-01
8.890703517587940041e+02 2.178414751439569752e+00 1.804225483684396558e-01
8.949748743718593005e+02 2.179116075148185949e+00 1.834362534886041785e-01
9.008793969849245968e+02 2.179937748557496224e+00 1.864110246428208051e-01
9.067839195979898932e+02 2.180880675209784236e+00 1.893419033405643326e-01
9.126884422110553032e+02 2.181945367905352207e+00 1.922238098423123265e-01
9.185929648241205996e+02 2.183131887979061325e+00 1.950515715668938166e-01
9.244974874371858959e+02 2.184439781132058833e+00 1.978199591244003130e-01
9.304020100502511923e+02 2.185868011187224180e+00 2.005237307287173198e-01
9.363065326633166023e+02 2.187414893655994064e+00 2.031576855370398060e-01
9.422110552763818987e+02 2.189078031567491589e+00 2.057167261450837947e-01
9.481155778894471950e+02 2.190854256582216664e+00 2.081959300227691489e-01
9.540201005025126051e+02 2.192739578939523426e+00 2.105906291016955423e-01
9.599246231155779014e+02 2.194729150201772061e+00 2.128964960337890733e-01
9.658291457286431978e+02 2.196817242976424112e+00 2.151096348606339193e-01
9.717336683417084942e+02 2.198997251733037839e+00 2.172266730198946505e-01
9.776381909547739042e+02 2.201261718404295298e+00 2.192448508477429781e-01
9.835427135678392006e+02 2.203602385610977876e+00 2.211621041143841393e-01
9.894472361809044969e+02 2.206010279063647328e+00 2.229771347641682777e-01
9.953517587939697933e+02 2.208475819010021990e+00 2.246894650281921479e-01
1.001256281407035203e+03 2.210988958626223688e+00 2.262994705156033959e-01
1.007160804020100500e+03 2.213539345168887618e+00 2.278083888028266391e-01
1.013065326633165796e+03 2.216116497741186908e+00 2.292183013955701731e-01
1.018969849246231092e+03 2.218709993926986090e+00 2.305320886329311481e-01
1.024874371859296389e+03 2.221309656539926181e+00 2.317533589672202132e-01
1.030778894472361799e+03 2.223905731479661085e+00 2.328863558759969032e-01
1.036683417085427209e+03 2.226489048247129787e+00 2.339358472248361798e-01
1.042587939698492391e+03 2.229051155989800748e+00 2.349070030123973640e-01
1.048492462311557802e+03 2.231584429862373042e+00 2.358052679706162391e-01
1.054396984924623212e+03 2.234082144755580757e+00 2.366362354254050726e-01
1.060301507537688394e+03 2.236538515788802250e+00 2.374055281984814025e-01
1.066206030150753804e+03 2.238948707119074122e+00 2.381186912725916649e-01
1.072110552763819214e+03 2.241308812383669746e+00 2.387810996179940137e-01
1.078015075376884397e+03 2.243615811339762178e+00 2.393978831661191242e-01
1.083919597989949580e+03 2.245867507953452691e+00 2.399738695762686780e-01
1.089824120603015217e+03 2.248062455357778600e+00 2.405135442931058132e-01
1.095728643216080400e+03 2.250199872835545012e+00 2.410210265079490710e-01
1.101633165829145582e+03 2.252279559406897391e+00 2.415000590398166946e-01
1.107537688442210992e+03 2.254301807837651772e+00 2.419540098284975460e-01
1.113442211055276402e+03 2.256267322044498869e+00 2.423858826415234147e-01
1.119346733668341585e+03 2.258177140046026210e+00 2.427983346862331859e-01
1.125251256281406995e+03 2.260032563856433807e+00 2.431936990308617430e-01
1.131155778894472405e+03 2.261835097078222834e+00 2.435740100234407013e-01
1.137060301507537588e+03 2.263586390436223450e+00 2.439410302119105478e-01
1.142964824120602998e+03 2.265288195107218794e+00 2.442962775816292509e-01
1.148869346733668408e+03 2.266942323425894745e+00 2.446410522163259549e-01
1.154773869346733591e+03 2.268550616372015938e+00 2.449764617429651958e-01
1.160678391959799001e+03 2.270114917146571543e+00 2.453034451348007350e-01
1.166582914572864411e+03 2.271637050107655487e+00 2.456227946195012057e-01
1.172487437185929593e+03 2.273118804343351229e+00 2.459351755734779654e-01
1.178391959798995003e+03 2.274561921194895753e+00 2.462411443838722902e-01
1.184296482412060413e+03 2.275968085097681115e+00 2.465411643314997792e-01
1.190201005025125596e+03 2.277338917171643384e+00 2.468356195965596134e-01
1.196105527638190779e+03 2.278675971060087679e+00 2.471248275191962884e-01
1.202010050251256416e+03 2.279980730582688242e+00 2.474090492633518601e-01
1.207914572864321599e+03 2.281254608831470687e+00 2.476884990384176366e-01
1.213819095477386782e+03 2.282498948396432414e+00 2.479633520320016493e-01
1.219723618090452192e+03 2.283715022459214872e+00 2.482337512010202307e-01
1.225628140703517602e+03 2.284904036538745409e+00 2.484998130590668486e-01
1.231532663316582784e+03 2.286067130712122975e+00 2.487616325870409539e-01
1.237437185929648194e+03 2.287205382167629697e+00 2.490192873821674147e-01
1.243341708542713604e+03 2.288319807975165876e+00 2.492728411487286633e-01
1.249246231155778787e+03 2.289411367983154477e+00 2.495223466222068198e-01
1.255150753768844197e+03 2.290480967770689436e+00 2.497678480077291652e-01
1.261055276381909607e+03 2.291529461599894457e+00 2.500093830036219100e-01
1.266959798994974790e+03 2.292557655326720845e+00 2.502469844717465919e-01
1.272864321608040200e+03 2.293566309239132739e+00 2.504806818080759778e-01
1.278768844221105610e+03 2.294556140800254607e+00 2.507105020596519518e-01
1.284673366834170793e+03 2.295527827280960498e+00 2.509364708276339839e-01
1.290577889447236203e+03 2.296482008271808706e+00 2.511586129904551101e-01
1.296482412060301613e+03 2.297419288068514920e+00 2.513769532762057946e-01
1.302386934673366795e+03 2.298340237928457874e+00 2.515915167090589377e-01
1.308291457286432205e+03 2.299245398198241475e+00 2.518023289508519169e-01
1.314195979899497388e+03 2.300135280314239417e+00 2.520094165557710264e-01
1.320100502512562798e+03 2.301010368679454743e+00 2.522128071532977467e-01
1.326005025125628208e+03 2.301871122421018434e+00 2.524125295722884910e-01
1.331909547738693391e+03 2.302717977033344798e+00 2.526086139169915756e-01
1.337814070351758801e+03 2.303551345912390858e+00 2.528010916041383838e-01
1.343718592964824211e+03 2.304371621786708957e+00 2.529899953687494985e-01
1.349623115577889394e+03 2.305179178051091515e+00 2.531753592450863843e-01
1.355527638190954804e+03 2.305974370008568641e+00 2.533572185280941746e-01
1.361432160804019986e+03 2.306757536026437183e+00 2.535356097198124270e-01
1.367336683417085396e+03 2.307528998611826143e+00 2.537105704644588289e-01
1.373241206030150806e+03 2.308289065412105323e+00 2.538821394752557303e-01
1.379145728643215989e+03 2.309038030145206477e+00 2.540503564555288141e-01
1.385050251256281399e+03 2.309776173464675786e+00 2.542152620161475807e-01
1.390954773869346809e+03 2.310503763764017116e+00 2.543768975909986296e-01
1.396859296482411992e+03 2.311221057924610633e+00 2.545353053518583097e-01
1.402763819095477402e+03 2.311928302011251546e+00 2.546905281237619167e-01
1.408668341708542812e+03 2.312625731919065064e+00 2.548426093017376326e-01
1.414572864321607994e+03 2.313313573975338766e+00 2.549915927695823870e-01
1.420477386934673405e+03 2.313992045499542183e+00 2.551375228212096058e-01
1.426381909547738587e+03 2.314661355324605374e+00 2.552804440849573697e-01
1.432286432160803997e+03 2.315321704282284454e+00 2.554204014511361476e-01
1.438190954773869407e+03 2.315973285655264391e+00 2.555574400030274917e-01
1.444095477386934590e+03 2.316616285598432690e+00 2.556916049514299516e-01
1.450000000000000000e+03 2.317250883531600358e+00 2.558229415728388578e-01
