2.750000000000000000e+02 2.065823894292062590e+00 2.978857833035725711e-01
2.809045226130653532e+02 2.157268350455342709e+00 2.831644393615467270e-01
2.868090452261306496e+02 2.208032521065768972e+00 2.735157957459251610e-01
2.927135678391960028e+02 2.247145049193369104e+00 2.644726926359049490e-01
2.986180904522612991e+02 2.281576625817666404e+00 2.549329322767035499e-01
3.045226130653266523e+02 2.314042973167654171e+00 2.443884939896943942e-01
3.104271356783919487e+02 2.345870573214231314e+00 2.324886488611994095e-01
3.163316582914573019e+02 2.377791691613963643e+00 2.189028431028915977e-01
3.222361809045225982e+02 2.410227315706086504e+00 2.032400576770031497e-01
3.281407035175879514e+02 2.443390503692413951e+00 1.849545888284684636e-01
3.340452261306532478e+02 2.477285721837843013e+00 1.631678644193617356e-01
3.399497487437186010e+02 2.511540594318218744e+00 1.362064529970827553e-01
3.458542713567838973e+02 2.544478734978644852e+00 9.984643833989664818e-02
3.517587939698492505e+02 2.536038729337326547e+00 2.434901344368808201e-02
3.576633165829146037e+02 2.490146840066738587e+00 4.709744804775648115e-03
3.635678391959799001e+02 2.455357114464228996e+00 5.098961098731870714e-03
3.694723618090451964e+02 2.433612766378058900e+00 5.485930344520001910e-03
3.753768844221105496e+02 2.417723405178607621e+00 5.882285626983002960e-03
3.812814070351759028e+02 2.405224140789482323e+00 6.292267860689436214e-03
3.871859296482411992e+02 2.394933354162101402e+00 6.718174885827671132e-03
3.930904522613064955e+02 2.386186728871987128e+00 7.161541588028850006e-03
3.989949748743718487e+02 2.378572734084031470e+00 7.623539510079311611e-03
4.048994974874372019e+02 2.371818966984753363e+00 8.105145752417478380e-03
4.108040201005024983e+02 2.365736154647317679e+00 8.607224942565414733e-03
4.167085427135678515e+02 2.360187801169835176e+00 9.130573010648580443e-03
4.226130653266332047e+02 2.355072525209767065e+00 9.675942267815455453e-03
4.285175879396985010e+02 2.350313199696882904e+00 1.024405655929064123e-02
4.344221105527637974e+02 2.345849972450012366e+00 1.083562080443837249e-02
4.403266331658291506e+02 2.341635615179732621e+00 1.145132719545013424e-02
4.462311557788945038e+02 2.337632328561767725e+00 1.209185932305515895e-02
4.521356783919598001e+02 2.333809490144691523e+00 1.275789496950404701e-02
4.580402010050250965e+02 2.330142031169926575e+00 1.345010801995447959e-02
4.639447236180904497e+02 2.326609243811374128e+00 1.416916977644183846e-02
4.698492462311558029e+02 2.323193889668348611e+00 1.491574985944224205e-02
4.757537688442210992e+02 2.319881523318798600e+00 1.569051682057508168e-02
4.816582914572863956e+02 2.316659972125747036e+00 1.649413855171783655e-02
4.875628140703517488e+02 2.313518931375247334e+00 1.732728255107878618e-02
4.934673366834171020e+02 2.310449645762787885e+00 1.819061608979954600e-02
4.993718592964823983e+02 2.307444656372086289e+00 1.908480631244330317e-02
5.052763819095476947e+02 2.304497597921400853e+00 2.001052029685866304e-02
5.111809045226130479e+02 2.301603035017784293e+00 2.096842509416095915e-02
5.170854271356784011e+02 2.298756328993321496e+00 2.195918776620589541e-02
5.229899497487436975e+02 2.295953528950041456e+00 2.298347543565786022e-02
5.288944723618089938e+02 2.293191282145945475e+00 2.404195536240825645e-02
5.347989949748744039e+02 2.290466759972197952e+00 2.513529505920239840e-02
5.407035175879397002e+02 2.287777596610434117e+00 2.626416245902527327e-02
5.466080402010049966e+02 2.285121838095499847e+00 2.742922614657278962e-02
5.525125628140704066e+02 2.282497899996863033e+00 2.863115566635295733e-02
5.584170854271357030e+02 2.279904532309865228e+00 2.987062192014889456e-02
5.643216080402009993e+02 2.277340790444018825e+00 3.114829766698544791e-02
5.702261306532664094e+02 2.274806011430035912e+00 3.246485813911142299e-02
5.761306532663315920e+02 2.272299794655459948e+00 3.382098178765118729e-02
5.820351758793970021e+02 2.269821986591963547e+00 3.521735117183425606e-02
5.879396984924622984e+02 2.267372669104232852e+00 3.665465400549208080e-02
5.938442211055275948e+02 2.264952151037475048e+00 3.813358437368088993e-02
5.997487437185930048e+02 2.262560962873169768e+00 3.965484413105826306e-02
6.056532663316583012e+02 2.260199854324802970e+00 4.121914449088748267e-02
6.115577889447235975e+02 2.257869794820250853e+00 4.282720780985459913e-02
6.174623115577890076e+02 2.255571976887915220e+00 4.447976956735887055e-02
6.233668341708541902e+02 2.253307822531759097e+00 4.617758052905692606e-02
6.292713567839196003e+02 2.251078992747781893e+00 4.792140907085470219e-02
6.351758793969848966e+02 2.248887400402389325e+00 4.971204362065631543e-02
6.410804020100501930e+02 2.246735226762184290e+00 5.155029514792217743e-02
6.469849246231156030e+02 2.244624942034740389e+00 5.343699959326237564e-02
6.528894472361808994e+02 2.242559330349559676e+00 5.537302007732038817e-02
6.587939698492461957e+02 2.240541519674422055e+00 5.735924865515881765e-02
6.646984924623116058e+02 2.238575017218829899e+00 5.939660728146249624e-02
6.706030150753769021e+02 2.236663750913043369e+00 6.148604751398936696e-02
6.765075376884421985e+02 2.234812117551770783e+00 6.362854829492402275e-02
6.824120603015076085e+02 2.233025038129881068e+00 6.582511089571495277e-02
6.883165829145727912e+02 2.231308020733302033e+00 6.807674977014489814e-02
6.942211055276382012e+02 2.229667231020824314e+00 7.038447760791173569e-02
7.001256281407034976e+02 2.228109569751726582e+00 7.274928228834752486e-02
7.060301507537687939e+02 2.226642755849348010e+00 7.517209267279167939e-02
7.119346733668342040e+02 2.225275411957496452e+00 7.765372922298029168e-02
7.178391959798995003e+02 2.224017147094046631e+00 8.019483429291297816e-02
7.237437185929647967e+02 2.222878627510818994e+00 8.279577566389827170e-02
7.296482412060302067e+02 2.221871621849650591e+00 8.545651562713889315e-02
7.355527638190953894e+02 2.221008999764293890e+00 8.817643699068912488e-02
7.414572864321607994e+02 2.220304654139169998e+00 9.095411741068834544e-02
7.473618090452260958e+02 2.219773306142992730e+00 9.378704545872189324e-02
7.532663316582913922e+02 2.219430140925228390e+00 9.667127741772527094e-02
7.591708542713568022e+02 2.219290213040803650e+00 9.960104504175935902e-02
7.650753768844220986e+02 2.219367560897753222e+00 1.025683435999273085e-01
7.709798994974873949e+02 2.219673988537533837e+00 1.055625575017948153e-01
7.768844221105528050e+02 2.220217523349509836e+00 1.085702152382588964e-01
7.827889447236181013e+02 2.221000650025696466e+00 1.115749970962351262e-01
7.886934673366833977e+02 2.222018551362130001e+00 1.145581298703401696e-01
7.945979899497486940e+02 2.223257725276206020e+00 1.174992679831687731e-01
8.005025125628141041e+02 2.224695429391224444e+00 1.203778615394550111e-01
8.064070351758794004e+02 2.226300346304897815e+00 1.231748578879465761e-01
8.123115577889446968e+02 2.228034614793726220e+00 1.258744268584786608e-01
8.182160804020099931e+02 2.229856983039277374e+00 1.284653241022210568e-01
8.241206030150754032e+02 2.231726468906251704e+00 1.309415748002800139e-01
8.300251256281406995e+02 2.233605748042183592e+00 1.333023587289297873e-01
8.359296482412059959e+02 2.235463619656553824e+00 1.355512144723067802e-01
8.418341708542714059e+02 2.237276242173601659e+00 1.376948439246958311e-01
8.477386934673367023e+02 2.239027204695877682e+00 1.397418319978860901e-01
8.536432160804019986e+02 2.240706750223828703e+00 1.417015224469032608e-01
8.595477386934672950e+02 2.242310542649880389e+00 1.435831731372880782e-01
8.654522613065327050e+02 2.243838313552296793e+00 1.453954103391048025e-01
8.713567839195980014e+02 2.245292611309836595e+00 1.471459381206542960e-01
8.772613065326632977e+02 2.246677763287628249e+00 1.488414346693415213e-01
8.831658291457285941e+02 2.247999080173955999e+00 1.504875689731035027e-01
8.890703517587940041e+02 2.249262284124529110e+00 1.520890848087336766e-01
8.949748743718593005e+02 2.250473121615193417e+00 1.536499149754912974e-01
9.008793969849245968e+02 2.251637117756934980e+00 1.551733025260033649e-01
9.067839195979898932e+02 2.252759433101144904e+00 1.566619159440816866e-01
9.126884422110553032e+02 2.253844791363847300e+00 1.581179519937325473e-01
9.185929648241205996e+02 2.254897454153673042e+00 1.595432240888251529e-01
9.244974874371858959e+02 2.255921225427813592e+00 1.609392363298551287e-01
9.304020100502511923e+02 2.256919473649521279e+00 1.623072444881634435e-01
9.363065326633166023e+02 2.257895163538688799e+00 1.636483056620931520e-01
9.422110552763818987e+02 2.258850892116937015e+00 1.649633183934313685e-01
9.481155778894471950e+02 2.259788925704152351e+00 1.662530549063699903e-01
9.540201005025126051e+02 2.260711235851012191e+00 1.675181869257144629e-01
9.599246231155779014e+02 2.261619533073061294e+00 1.687593063064721510e-01
9.658291457286431978e+02 2.262515297823070259e+00 1.699769414938214207e-01
9.717336683417084942e+02 2.263399808498710364e+00 1.711715706437265672e-01
9.776381909547739042e+02 2.264274166501831331e+00 1.723436320742564309e-01
9.835427135678392006e+02 2.265139318492089604e+00 1.734935325849292498e-01
9.894472361809044969e+02 2.265996076044242358e+00 1.746216540733983025e-01
9.953517587939697933e+02 2.266845132947060470e+00 1.757283587917201906e-01
1.001256281407035203e+03 2.267687080387288834e+00 1.768139935148665409e-01
1.007160804020100500e+03 2.268522420253872962e+00 1.778788928387188828e-01
1.013065326633165796e+03 2.269351576782020707e+00 1.789233817807231730e-01
1.018969849246231092e+03 2.270174906737482345e+00 1.799477778215193835e-01
1.024874371859296389e+03 2.270992708321139197e+00 1.809523924981039089e-01
1.030778894472361799e+03 2.271805228954021594e+00 1.819375326371107104e-01
1.036683417085427209e+03 2.272612672084049823e+00 1.829035012993105447e-01
1.042587939698492391e+03 2.273415203138529961e+00 1.838505984925259407e-01
1.048492462311557802e+03 2.274212954730860492e+00 1.847791216990014584e-01
1.054396984924623212e+03 2.275006031216058044e+00 1.856893662544763790e-01
1.060301507537688394e+03 2.275794512677506098e+00 1.865816256089987690e-01
1.066206030150753804e+03 2.276578458416612882e+00 1.874561914938653873e-01
1.072110552763819214e+03 2.277357910007745012e+00 1.883133540144468765e-01
1.078015075376884397e+03 2.278132893972673045e+00 1.891534016849147626e-01
1.083919597989949580e+03 2.278903424121721866e+00 1.899766214179252344e-01
1.089824120603015217e+03 2.279669503602722802e+00 1.907832984798188136e-01
1.095728643216080400e+03 2.280431126693558408e+00 1.915737164199331488e-01
1.101633165829145582e+03 2.281188280369534915e+00 1.923481569810179814e-01
1.107537688442210992e+03 2.281940945672831678e+00 1.931068999963815314e-01
1.113442211055276402e+03 2.282689098907860981e+00 1.938502232783498314e-01
1.119346733668341585e+03 2.283432712683375776e+00 1.945784025016958629e-01
1.125251256281406995e+03 2.284171756819597832e+00 1.952917110850187765e-01
1.131155778894472405e+03 2.284906199136376159e+00 1.959904200723909251e-01
1.137060301507537588e+03 2.285636006136450238e+00 1.966747980171377475e-01
1.142964824120602998e+03 2.286361143596178813e+00 1.973451108692171607e-01
1.148869346733668408e+03 2.287081577074627337e+00 1.980016218672827621e-01
1.154773869346733591e+03 2.287797272350601929e+00 1.986445914363080267e-01
1.160678391959799001e+03 2.288508195796093769e+00 1.992742770913502603e-01
1.166582914572864411e+03 2.289214314693608809e+00 1.998909333479163275e-01
1.172487437185929593e+03 2.289915597503989986e+00 2.004948116391869484e-01
1.178391959798995003e+03 2.290612014090569026e+00 2.010861602402652104e-01
1.184296482412060413e+03 2.291303535904832156e+00 2.016652241994995876e-01
1.190201005025125596e+03 2.291990136138180034e+00 2.022322452768467449e-01
1.196105527638190779e+03 2.292671789843851560e+00 2.027874618891993275e-01
1.202010050251256416e+03 2.293348474032622430e+00 2.033311090625115891e-01
1.207914572864321599e+03 2.294020167745474570e+00 2.038634183905549957e-01
1.213819095477386782e+03 2.294686852106096797e+00 2.043846180000752077e-01
1.219723618090452192e+03 2.295348510355732952e+00 2.048949325221161299e-01
1.225628140703517602e+03 2.296005127872632556e+00 2.053945830692509855e-01
1.231532663316582784e+03 2.296656692178103754e+00 2.058837872184496876e-01
1.237437185929648194e+03 2.297303192930939097e+00 2.063627589993074773e-01
1.243341708542713604e+03 2.297944621911804930e+00 2.068317088873450893e-01
1.249246231155778787e+03 2.298580972998989225e+00 2.072908438021184019e-01
1.255150753768844197e+03 2.299212242136759787e+00 2.077403671098295435e-01
1.261055276381909607e+03 2.299838427297447474e+00 2.081804786301870713e-01
1.266959798994974790e+03 2.300459528438230539e+00 2.086113746472313124e-01
1.272864321608040200e+03 2.301075547453501624e+00 2.090332479238602437e-01
1.278768844221105610e+03 2.301686488123588781e+00 2.094462877198067785e-01
1.284673366834170793e+03 2.302292356060516632e+00 2.098506798128038919e-01
1.290577889447236203e+03 2.302893158651422301e+00 2.102466065227145686e-01
1.296482412060301613e+03 2.303488905000152354e+00 2.106342467383807981e-01
1.302386934673366795e+03 2.304079605867522584e+00 2.110137759469844221e-01
1.308291457286432205e+03 2.304665273610657206e+00 2.113853662656868526e-01
1.314195979899497388e+03 2.305245922121765378e+00 2.117491864753748843e-01
1.320100502512562798e+03 2.305821566766693476e+00 2.121054020562912479e-01
1.326005025125628208e+03 2.306392224323511098e+00 2.124541752253873428e-01
1.331909547738693391e+03 2.306957912921399512e+00 2.127956649752168472e-01
1.337814070351758801e+03 2.307518651980031255e+00 2.131300271142014258e-01
1.343718592964824211e+03 2.308074462149645178e+00 2.134574143081309217e-01
1.349623115577889394e+03 2.308625365251956829e+00 2.137779761227298625e-01
1.355527638190954804e+03 2.309171384222049372e+00 2.140918590671657684e-01
1.361432160804019986e+03 2.309712543051354317e+00 2.143992066383683670e-01
1.367336683417085396e+03 2.310248866731814399e+00 2.147001593660373131e-01
1.373241206030150806e+03 2.310780381201314349e+00 2.149948548582265584e-01
1.379145728643215989e+03 2.311307113290436810e+00 2.152834278473855223e-01
1.385050251256281399e+03 2.311829090670596720e+00 2.155660102367844555e-01
1.390954773869346809e+03 2.312346341803593663e+00 2.158427311472067289e-01
1.396859296482411992e+03 2.312858895892613731e+00 2.161137169638228106e-01
1.402763819095477402e+03 2.313366782834695101e+00 2.163790913831936669e-01
1.408668341708542812e+03 2.313870033174677321e+00 2.166389754602852935e-01
1.414572864321607994e+03 2.314368678060634288e+00 2.168934876554650670e-01
1.420477386934673405e+03 2.314862749200788272e+00 2.171427438813882671e-01
1.426381909547738587e+03 2.315352278821908083e+00 2.173868575497374389e-01
1.432286432160803997e+03 2.315837299629167401e+00 2.176259396177406269e-01
1.438190954773869407e+03 2.316317844767461054e+00 2.178600986344316759e-01
1.444095477386934590e+03 2.316793947784150820e+00 2.180894407866028895e-01
1.450000000000000000e+03 2.317265642593222541e+00 2.183140699444157395e-01
