2.750000000000000000e+02 2.076105646762757662e+00 2.756595267802587346e-01
2.809045226130653532e+02 2.164881389418262803e+00 2.597834132202587742e-01
2.868090452261306496e+02 2.215690892311164450e+00 2.479030481167602551e-01
2.927135678391960028e+02 2.255645497828732804e+00 2.360452941093475754e-01
2.986180904522612991e+02 2.291257467897759970e+00 2.231209954740620283e-01
3.045226130653266523e+02 2.325032246883950826e+00 2.085003434603061312e-01
3.104271356783919487e+02 2.358125868620839949e+00 1.915828802722872592e-01
3.163316582914573019e+02 2.391029346957550317e+00 1.715696528793438924e-01
3.222361809045225982e+02 2.423635803620225904e+00 1.471105869204554495e-01
3.281407035175879514e+02 2.454405405966527898e+00 1.152475106296280971e-01
3.340452261306532478e+02 2.469559637592586565e+00 6.483343078460676590e-02
3.399497487437186010e+02 2.443973296464767131e+00 6.649655938536967736e-03
3.458542713567838973e+02 2.403758851820728903e+00 7.235984904221759093e-03
3.517587939698492505e+02 2.381657049951738436e+00 7.806333612330868671e-03
3.576633165829146037e+02 2.366460646522451583e+00 8.387349737251671711e-03
3.635678391959799001e+02 2.354955083183329911e+00 8.986969205242119341e-03
3.694723618090451964e+02 2.345738474711218657e+00 9.608944576480265773e-03
3.753768844221105496e+02 2.338068996032030888e+00 1.025551776201049509e-02
3.812814070351759028e+02 2.331506623921944854e+00 1.092823737724093157e-02
3.871859296482411992e+02 2.325769709647409034e+00 1.162828019809646757e-02
3.930904522613064955e+02 2.320667850704366764e+00 1.235659847577553518e-02
3.989949748743718487e+02 2.316066912104329134e+00 1.311399463449185870e-02
4.048994974874372019e+02 2.311869304800795000e+00 1.390116183167443113e-02
4.108040201005024983e+02 2.308002171700147542e+00 1.471870697882360531e-02
4.167085427135678515e+02 2.304409961352277492e+00 1.556716411131869177e-02
4.226130653266332047e+02 2.301049572588461878e+00 1.644700215368064683e-02
4.285175879396985010e+02 2.297887074348240688e+00 1.735862928815855646e-02
4.344221105527637974e+02 2.294895427252867215e+00 1.830239519642066354e-02
4.403266331658291506e+02 2.292052862712914862e+00 1.927859193781442451e-02
4.462311557788945038e+02 2.289341705533219695e+00 2.028745394267233645e-02
4.521356783919598001e+02 2.286747502811036892e+00 2.132915743215316531e-02
4.580402010050250965e+02 2.284258368810403450e+00 2.240381947434165466e-02
4.639447236180904497e+02 2.281864484955245853e+00 2.351149682349595177e-02
4.698492462311558029e+02 2.279557713075814007e+00 2.465218464840444532e-02
4.757537688442210992e+02 2.277331292570121679e+00 2.582581522956155576e-02
4.816582914572863956e+02 2.275179600575990779e+00 2.703225668620028513e-02
4.875628140703517488e+02 2.273097960033302556e+00 2.827131178254667365e-02
4.934673366834171020e+02 2.271082484549679315e+00 2.954271685296111158e-02
4.993718592964823983e+02 2.269129951839087500e+00 3.084614087966761412e-02
5.052763819095476947e+02 2.267237699553774188e+00 3.218118475133702888e-02
5.111809045226130479e+02 2.265403538821692653e+00 3.354738072691326040e-02
5.170854271356784011e+02 2.263625681899493536e+00 3.494419212551702625e-02
5.229899497487436975e+02 2.261902681168141971e+00 3.637101326040054899e-02
5.288944723618089938e+02 2.260233377312318659e+00 3.782716963190788789e-02
5.347989949748744039e+02 2.258616854990823875e+00 3.931191839202087535e-02
5.407035175879397002e+02 2.257052404661884726e+00 4.082444909016316736e-02
5.466080402010049966e+02 2.255539489502625283e+00 4.236388470775177828e-02
5.525125628140704066e+02 2.254077716575952461e+00 4.392928298596505271e-02
5.584170854271357030e+02 2.252666811565761318e+00 4.551963804906152683e-02
5.643216080402009993e+02 2.251306596533331206e+00 4.713388232262242378e-02
5.702261306532664094e+02 2.249996970252414741e+00 4.877088874367242755e-02
5.761306532663315920e+02 2.248737890763789604e+00 5.042947325706177014e-02
5.820351758793970021e+02 2.247529359856612619e+00 5.210839758975003427e-02
5.879396984924622984e+02 2.246371409237353234e+00 5.380637229237587860e-02
5.938442211055275948e+02 2.245264088190031870e+00 5.552206003483022706e-02
5.997487437185930048e+02 2.244207452566114647e+00 5.725407914038957435e-02
6.056532663316583012e+02 2.243201554970327471e+00 5.900100734074818082e-02
6.115577889447235975e+02 2.242246436031126944e+00 6.076138573217929051e-02
6.174623115577890076e+02 2.241342116662675910e+00 6.253372291131145677e-02
6.233668341708541902e+02 2.240488591239651495e+00 6.431649926736247858e-02
6.292713567839196003e+02 2.239685821617809047e+00 6.610817140619540400e-02
6.351758793969848966e+02 2.238933731942381211e+00 6.790717668049689459e-02
6.410804020100501930e+02 2.238232204193625119e+00 6.971193779947670865e-02
6.469849246231156030e+02 2.237581074424412009e+00 7.152086749078265249e-02
6.528894472361808994e+02 2.236980129649057680e+00 7.333237318714182218e-02
6.587939698492461957e+02 2.236429105345830060e+00 7.514486171003995074e-02
6.646984924623116058e+02 2.235927683537925592e+00 7.695674392307511047e-02
6.706030150753769021e+02 2.235475491419420369e+00 7.876643932806824677e-02
6.765075376884421985e+02 2.235072100493875613e+00 8.057238057784857355e-02
6.824120603015076085e+02 2.234717026194011247e+00 8.237301788054834928e-02
6.883165829145727912e+02 2.234409727951380820e+00 8.416682327159676069e-02
6.942211055276382012e+02 2.234149609685204041e+00 8.595229473097638906e-02
7.001256281407034976e+02 2.233936020679695655e+00 8.772796012505880425e-02
7.060301507537687939e+02 2.233768256819281817e+00 8.949238095399776605e-02
7.119346733668342040e+02 2.233645562151191477e+00 9.124415588779639930e-02
7.178391959798995003e+02 2.233567130745004903e+00 9.298192407602470788e-02
7.237437185929647967e+02 2.233532108818937267e+00 9.470436821849634312e-02
7.296482412060302067e+02 2.233539597102892404e+00 9.641021738619930115e-02
7.355527638190953894e+02 2.233588653408731695e+00 9.809824958414763152e-02
7.414572864321607994e+02 2.233678295378706213e+00 9.976729404992315531e-02
7.473618090452260958e+02 2.233807503383665960e+00 1.014162332838748071e-01
7.532663316582913922e+02 2.233975223543433586e+00 1.030440048090323912e-01
7.591708542713568022e+02 2.234180370842668850e+00 1.046496026608745855e-01
7.650753768844220986e+02 2.234421832316582979e+00 1.062320786089490793e-01
7.709798994974873949e+02 2.234698470282042049e+00 1.077905431142378023e-01
7.768844221105528050e+02 2.235009125590859291e+00 1.093241660277805144e-01
7.827889447236181013e+02 2.235352620883455987e+00 1.108321770376683724e-01
7.886934673366833977e+02 2.235727763822490388e+00 1.123138658728940475e-01
7.945979899497486940e+02 2.236133350287583976e+00 1.137685822737919267e-01
8.005025125628141041e+02 2.236568167513801164e+00 1.151957357398570719e-01
8.064070351758794004e+02 2.237030997158130141e+00 1.165947950667196170e-01
8.123115577889446968e+02 2.237520618279790430e+00 1.179652876847161608e-01
8.182160804020099931e+02 2.238035810221793653e+00 1.193067988121958994e-01
8.241206030150754032e+02 2.238575355382740995e+00 1.206189704370726617e-01
8.300251256281406995e+02 2.239138041869391582e+00 1.219015001405004822e-01
8.359296482412059959e+02 2.239722666022029074e+00 1.231541397766909018e-01
8.418341708542714059e+02 2.240328034806092994e+00 1.243766940229249773e-01
8.477386934673367023e+02 2.240952968064938489e+00 1.255690188137609242e-01
8.536432160804019986e+02 2.241596300629876026e+00 1.267310196732163163e-01
8.595477386934672950e+02 2.242256884284905549e+00 1.278626499584983867e-01
8.654522613065327050e+02 2.242933589584683141e+00 1.289639090283630773e-01
8.713567839195980014e+02 2.243625307525349832e+00 1.300348403488833515e-01
8.772613065326632977e+02 2.244330951068814528e+00 1.310755295488042205e-01
8.831658291457285941e+02 2.245049456521985842e+00 1.320861024361400238e-01
8.890703517587940041e+02 2.245779784773240806e+00 1.330667229870697854e-01
8.949748743718593005e+02 2.246520922389134256e+00 1.340175913175538913e-01
9.008793969849245968e+02 2.247271882574988666e+00 1.349389416474219006e-01
9.067839195979898932e+02 2.248031706003531749e+00 1.358310402660418414e-01
9.126884422110553032e+02 2.248799461516237219e+00 1.366941835079592271e-01
9.185929648241205996e+02 2.249574246702385594e+00 1.375286957462431292e-01
9.244974874371858959e+02 2.250355188361201630e+00 1.383349274106112081e-01
9.304020100502511923e+02 2.251141442852659491e+00 1.391132530366725739e-01
9.363065326633166023e+02 2.251932196342737669e+00 1.398640693520947498e-01
9.422110552763818987e+02 2.252726664949031399e+00 1.405877934047312650e-01
9.481155778894471950e+02 2.253524094792707988e+00 1.412848607372733101e-01
9.540201005025126051e+02 2.254323761962814476e+00 1.419557236122961641e-01
9.599246231155779014e+02 2.255124972398934169e+00 1.426008492910948999e-01
9.658291457286431978e+02 2.255927061698128178e+00 1.432207183691449059e-01
9.717336683417084942e+02 2.256729394852015957e+00 1.438158231705225221e-01
9.776381909547739042e+02 2.257531365919725808e+00 1.443866662031711989e-01
9.835427135678392006e+02 2.258332397642306866e+00 1.449337586764887220e-01
9.894472361809044969e+02 2.259131941004019595e+00 1.454576190822377546e-01
9.953517587939697933e+02 2.259929474745756561e+00 1.459587718395227440e-01
1.001256281407035203e+03 2.260724504835626369e+00 1.464377460041144663e-01
1.007160804020100500e+03 2.261516563901537324e+00 1.468950740421972878e-01
1.013065326633165796e+03 2.262305210630406016e+00 1.473312906682787971e-01
1.018969849246231092e+03 2.263090029138365988e+00 1.477469317467385856e-01
1.024874371859296389e+03 2.263870628316156708e+00 1.481425332563330310e-01
1.030778894472361799e+03 2.264646641153623019e+00 1.485186303166627086e-01
1.036683417085427209e+03 2.265417724047024794e+00 1.488757562755401165e-01
1.042587939698492391e+03 2.266183556092645990e+00 1.492144418559625818e-01
1.048492462311557802e+03 2.266943838369943176e+00 1.495352143612955764e-01
1.054396984924623212e+03 2.267698293217276895e+00 1.498385969371198445e-01
1.060301507537688394e+03 2.268446663503034699e+00 1.501251078881603029e-01
1.066206030150753804e+03 2.269188711894752686e+00 1.503952600485382318e-01
1.072110552763819214e+03 2.269924220128642034e+00 1.506495602036286297e-01
1.078015075376884397e+03 2.270652988281722351e+00 1.508885085616410437e-01
1.083919597989949580e+03 2.271374834048583313e+00 1.511125982730968098e-01
1.089824120603015217e+03 2.272089592024611360e+00 1.513223149962875103e-01
1.095728643216080400e+03 2.272797112997342328e+00 1.515181365068028196e-01
1.101633165829145582e+03 2.273497263247441502e+00 1.517005323491998625e-01
1.107537688442210992e+03 2.274189923860659324e+00 1.518699635289010030e-01
1.113442211055276402e+03 2.274874990051947155e+00 1.520268822423995470e-01
1.119346733668341585e+03 2.275552370502796684e+00 1.521717316438615242e-01
1.125251256281406995e+03 2.276221986712724910e+00 1.523049456462752249e-01
1.131155778894472405e+03 2.276883772365700054e+00 1.524269487552643021e-01
1.137060301507537588e+03 2.277537672712193650e+00 1.525381559337608550e-01
1.142964824120602998e+03 2.278183643967433891e+00 1.526389724957687155e-01
1.148869346733668408e+03 2.278821652726327418e+00 1.527297940274406074e-01
1.154773869346733591e+03 2.279451675395438137e+00 1.528110063337972113e-01
1.160678391959799001e+03 2.280073697642298836e+00 1.528829854094393981e-01
1.166582914572864411e+03 2.280687713862276755e+00 1.529460974316075306e-01
1.172487437185929593e+03 2.281293726663127241e+00 1.530006987740908930e-01
1.178391959798995003e+03 2.281891746367289642e+00 1.530471360404360992e-01
1.184296482412060413e+03 2.282481790531943222e+00 1.530857461150369747e-01
1.190201005025125596e+03 2.283063883486760925e+00 1.531168562306874648e-01
1.196105527638190779e+03 2.283638055889250840e+00 1.531407840512708507e-01
1.202010050251256416e+03 2.284204344297539269e+00 1.531578377682979442e-01
1.207914572864321599e+03 2.284762790760391127e+00 1.531683162100617168e-01
1.213819095477386782e+03 2.285313442424236285e+00 1.531725089622235081e-01
1.219723618090452192e+03 2.285856351156929644e+00 1.531706964987271102e-01
1.225628140703517602e+03 2.286391573187947390e+00 1.531631503219590129e-01
1.231532663316582784e+03 2.286919168764690813e+00 1.531501331111521091e-01
1.237437185929648194e+03 2.287439201824551294e+00 1.531318988780629720e-01
1.243341708542713604e+03 2.287951739682362984e+00 1.531086931290172870e-01
1.249246231155778787e+03 2.288456852732862590e+00 1.530807530324755361e-01
1.255150753768844197e+03 2.288954614167749479e+00 1.530483075912856816e-01
1.261055276381909607e+03 2.289445099706942433e+00 1.530115778188989861e-01
1.266959798994974790e+03 2.289928387343606708e+00 1.529707769187988176e-01
1.272864321608040200e+03 2.290404557102526439e+00 1.529261104665083082e-01
1.278768844221105610e+03 2.290873690811392027e+00 1.528777765935177835e-01
1.284673366834170793e+03 2.291335871884566888e+00 1.528259661726032170e-01
1.290577889447236203e+03 2.291791185118895680e+00 1.527708630039406879e-01
1.296482412060301613e+03 2.292239716501125901e+00 1.527126440015586506e-01
1.302386934673366795e+03 2.292681553026502339e+00 1.526514793796487079e-01
1.308291457286432205e+03 2.293116782528111131e+00 1.525875328383186347e-01
1.314195979899497388e+03 2.293545493516544020e+00 1.525209617483954949e-01
1.320100502512562798e+03 2.293967775029466694e+00 1.524519173349204171e-01
1.326005025125628208e+03 2.294383716490674185e+00 1.523805448590136447e-01
1.331909547738693391e+03 2.294793407578233690e+00 1.523069837978279217e-01
1.337814070351758801e+03 2.295196938101312867e+00 1.522313680222994181e-01
1.343718592964824211e+03 2.295594397885301508e+00 1.521538259724861120e-01
1.349623115577889394e+03 2.295985876664857095e+00 1.520744808302563478e-01
1.355527638190954804e+03 2.296371463984490990e+00 1.519934506891731651e-01
1.361432160804019986e+03 2.296751249106347537e+00 1.519108487213695624e-01
1.367336683417085396e+03 2.297125320924815473e+00 1.518267833413007029e-01
1.373241206030150806e+03 2.297493767887639482e+00 1.517413583662457766e-01
1.379145728643215989e+03 2.297856677923198365e+00 1.516546731734340070e-01
1.385050251256281399e+03 2.298214138373637194e+00 1.515668228537425666e-01
1.390954773869346809e+03 2.298566235933539481e+00 1.514778983618641772e-01
1.396859296482411992e+03 2.298913056593849813e+00 1.513879866629024573e-01
1.402763819095477402e+03 2.299254685590756075e+00 1.512971708753592937e-01
1.408668341708542812e+03 2.299591207359262146e+00 1.512055304104744369e-01
1.414572864321607994e+03 2.299922705491183716e+00 1.511131411079000841e-01
1.420477386934673405e+03 2.300249262697311892e+00 1.510200753677249652e-01
1.426381909547738587e+03 2.300570960773509643e+00 1.509264022788176507e-01
1.432286432160803997e+03 2.300887880570499089e+00 1.508321877435339353e-01
1.438190954773869407e+03 2.301200101967124212e+00 1.507374945987977888e-01
1.444095477386934590e+03 2.301507703846875419e+00 1.506423827335797716e-01
1.450000000000000000e+03 2.301810764077465876e+00 1.505469092028142442e-01
