2.750000000000000000e+02 2.062988856337153898e+00 3.055352360064438888e-01
2.809045226130653532e+02 2.158310297428818636e+00 2.889342116097119995e-01
2.868090452261306496e+02 2.211872157745470968e+00 2.776348329773624113e-01
2.927135678391960028e+02 2.253497710853169078e+00 2.668761776953612608e-01
2.986180904522612991e+02 2.290349069656077319e+00 2.554616529017352811e-01
3.045226130653266523e+02 2.325214692911610648e+00 2.428116988851622138e-01
3.104271356783919487e+02 2.359452327498490654e+00 2.284908234995627618e-01
3.163316582914573019e+02 2.393803613932234065e+00 2.120435894409277433e-01
3.222361809045225982e+02 2.428679310044443707e+00 1.928685942790393237e-01
3.281407035175879514e+02 2.464250412056212092e+00 1.700165935579654453e-01
3.340452261306532478e+02 2.500399720819033611e+00 1.416829720370234302e-01
3.399497487437186010e+02 2.536391589226008048e+00 1.032550009461662005e-01
3.458542713567838973e+02 2.522253520911918567e+00 1.416458182882356261e-02
3.517587939698492505e+02 2.471091688393855179e+00 6.140442010490826386e-03
3.576633165829146037e+02 2.440046345054586840e+00 6.638320743255811569e-03
3.635678391959799001e+02 2.419968953853739890e+00 7.136789815557253829e-03
3.694723618090451964e+02 2.405197217225310435e+00 7.647526840441386600e-03
3.753768844221105496e+02 2.393581624419552689e+00 8.175199586723802536e-03
3.812814070351759028e+02 2.384049966653299268e+00 8.722373204887211642e-03
3.871859296482411992e+02 2.375987295762340246e+00 9.290728866900219846e-03
3.930904522613064955e+02 2.369008378151392424e+00 9.881503125813539956e-03
3.989949748743718487e+02 2.362856542208466859e+00 1.049567993510053775e-02
4.048994974874372019e+02 2.357352769524916791e+00 1.113408546614184057e-02
4.108040201005024983e+02 2.352367704180390096e+00 1.179743902084583011e-02
4.167085427135678515e+02 2.347805201024252497e+00 1.248638202852641460e-02
4.226130653266332047e+02 2.343592136313344287e+00 1.320149523997623912e-02
4.285175879396985010e+02 2.339671824254033083e+00 1.394330917285822695e-02
4.344221105527637974e+02 2.335999612010831950e+00 1.471231050739296026e-02
4.403266331658291506e+02 2.332539844292242925e+00 1.550894595383259245e-02
4.462311557788945038e+02 2.329263718407264872e+00 1.633362449004765668e-02
4.521356783919598001e+02 2.326147735187498622e+00 1.718671852075115761e-02
4.580402010050250965e+02 2.323172558701534829e+00 1.806856430944910746e-02
4.639447236180904497e+02 2.320322162606498040e+00 1.897946191370655095e-02
4.698492462311558029e+02 2.317583181393608083e+00 1.991967477965756600e-02
4.757537688442210992e+02 2.314944410628601013e+00 2.088942910471295461e-02
4.816582914572863956e+02 2.312396417215071498e+00 2.188891304622952311e-02
4.875628140703517488e+02 2.309931232034843518e+00 2.291827583381517153e-02
4.934673366834171020e+02 2.307542105044606107e+00 2.397762682850934982e-02
4.993718592964823983e+02 2.305223308269225058e+00 2.506703456295475765e-02
5.052763819095476947e+02 2.302969975911980161e+00 2.618652578959994662e-02
5.111809045226130479e+02 2.300777973505456764e+00 2.733608455903913798e-02
5.170854271356784011e+02 2.298643789986279273e+00 2.851565134713267974e-02
5.229899497487436975e+02 2.296564448014358550e+00 2.972512224679746753e-02
5.288944723618089938e+02 2.294537428923866251e+00 3.096434823803824454e-02
5.347989949748744039e+02 2.292560609492769963e+00 3.223313454847553938e-02
5.407035175879397002e+02 2.290632208323042818e+00 3.353124011463114867e-02
5.466080402010049966e+02 2.288750740086102020e+00 3.485837715364044354e-02
5.525125628140704066e+02 2.286914976244220465e+00 3.621421085334760454e-02
5.584170854271357030e+02 2.285123911135306329e+00 3.759835918817496653e-02
5.643216080402009993e+02 2.283376732524801778e+00 3.901039286678970736e-02
5.702261306532664094e+02 2.281672795898941786e+00 4.044983541698538715e-02
5.761306532663315920e+02 2.280011601908753072e+00 4.191616341184521005e-02
5.820351758793970021e+02 2.278392776482007331e+00 4.340880684068131740e-02
5.879396984924622984e+02 2.276816053206842216e+00 4.492714962703897585e-02
5.938442211055275948e+02 2.275281257660532130e+00 4.647053029506371252e-02
5.997487437185930048e+02 2.273788293413452344e+00 4.803824278482829446e-02
6.056532663316583012e+02 2.272337129484302221e+00 4.962953741584759382e-02
6.115577889447235975e+02 2.270927789060299684e+00 5.124362199736908624e-02
6.174623115577890076e+02 2.269560339326921916e+00 5.287966308285801248e-02
6.233668341708541902e+02 2.268234882277178066e+00 5.453678736521378606e-02
6.292713567839196003e+02 2.266951546391359429e+00 5.621408320827412514e-02
6.351758793969848966e+02 2.265710479095536467e+00 5.791060230932775638e-02
6.410804020100501930e+02 2.264511839921433012e+00 5.962536148637456734e-02
6.469849246231156030e+02 2.263355794302174928e+00 6.135734458311443290e-02
6.528894472361808994e+02 2.262242507948293735e+00 6.310550448386158251e-02
6.587939698492461957e+02 2.261172141756504494e+00 6.486876522981531445e-02
6.646984924623116058e+02 2.260144847210537655e+00 6.664602422750028066e-02
6.706030150753769021e+02 2.259160762238881848e+00 6.843615453959273065e-02
6.765075376884421985e+02 2.258220007498866533e+00 7.023800724780843163e-02
6.824120603015076085e+02 2.257322683060285495e+00 7.205041387715796497e-02
6.883165829145727912e+02 2.256468865464801965e+00 7.387218887048978277e-02
6.942211055276382012e+02 2.255658605139873263e+00 7.570213210198493969e-02
7.001256281407034976e+02 2.254891924147900628e+00 7.753903141813753286e-02
7.060301507537687939e+02 2.254168814252905939e+00 7.938166519464619209e-02
7.119346733668342040e+02 2.253489235288269832e+00 8.122880489769804258e-02
7.178391959798995003e+02 2.252853113810021402e+00 8.307921763818618133e-02
7.237437185929647967e+02 2.252260342020925066e+00 8.493166870764762288e-02
7.296482412060302067e+02 2.251710776951124870e+00 8.678492408495665222e-02
7.355527638190953894e+02 2.251204239881539060e+00 8.863775290317457700e-02
7.414572864321607994e+02 2.250740515996477509e+00 9.048892986640236225e-02
7.473618090452260958e+02 2.250319354252141135e+00 9.233723760699603933e-02
7.532663316582913922e+02 2.249940467447833381e+00 9.418146897399025386e-02
7.591708542713568022e+02 2.249603532486799562e+00 9.602042924436571258e-02
7.650753768844220986e+02 2.249308190813694708e+00 9.785293824927809858e-02
7.709798994974873949e+02 2.249054049015755563e+00 9.967783240821058433e-02
7.768844221105528050e+02 2.248840679574836798e+00 1.014939666646997585e-01
7.827889447236181013e+02 2.248667621757558077e+00 1.033002163180892913e-01
7.886934673366833977e+02 2.248534382630940964e+00 1.050954787465003260e-01
7.945979899497486940e+02 2.248440438191050994e+00 1.068786750170778455e-01
8.005025125628141041e+02 2.248385234592349846e+00 1.086487513802903704e-01
8.064070351758794004e+02 2.248368189465688172e+00 1.104046806459404312e-01
8.123115577889446968e+02 2.248388693313120967e+00 1.121454634392453908e-01
8.182160804020099931e+02 2.248446110968030265e+00 1.138701293361515376e-01
8.241206030150754032e+02 2.248539783109384516e+00 1.155777378777839981e-01
8.300251256281406995e+02 2.248669027819328203e+00 1.172673794646393597e-01
8.359296482412059959e+02 2.248833142173721988e+00 1.189381761317602898e-01
8.418341708542714059e+02 2.249031403855676015e+00 1.205892822068556358e-01
8.477386934673367023e+02 2.249263072782617279e+00 1.222198848538218197e-01
8.536432160804019986e+02 2.249527392737910692e+00 1.238292045047395540e-01
8.595477386934672950e+02 2.249823592998580590e+00 1.254164951838996622e-01
8.654522613065327050e+02 2.250150889951219924e+00 1.269810447278636456e-01
8.713567839195980014e+02 2.250508488688719222e+00 1.285221749059602681e-01
8.772613065326632977e+02 2.250895584581008357e+00 1.300392414460069257e-01
8.831658291457285941e+02 2.251311364813574745e+00 1.315316339703127280e-01
8.890703517587940041e+02 2.251755009888079861e+00 1.329987758472980230e-01
8.949748743718593005e+02 2.252225695079957735e+00 1.344401239642944723e-01
9.008793969849245968e+02 2.252722591848446587e+00 1.358551684272086280e-01
9.067839195979898932e+02 2.253244869195039968e+00 1.372434321928881484e-01
9.126884422110553032e+02 2.253791694966885473e+00 1.386044706401144133e-01
9.185929648241205996e+02 2.254362237102171207e+00 1.399378710851542085e-01
9.244974874371858959e+02 2.254955664815052607e+00 1.412432522478284103e-01
9.304020100502511923e+02 2.255571149718146096e+00 1.425202636740086348e-01
9.363065326633166023e+02 2.256207866881075663e+00 1.437685851204260901e-01
9.422110552763818987e+02 2.256864995824011455e+00 1.449879259075108617e-01
9.481155778894471950e+02 2.257541721445536442e+00 1.461780242459370660e-01
9.540201005025126051e+02 2.258237234884581834e+00 1.473386465423528191e-01
9.599246231155779014e+02 2.258950734316535591e+00 1.484695866896210414e-01
9.658291457286431978e+02 2.259681425683973011e+00 1.495706653467342995e-01
9.717336683417084942e+02 2.260428523362772779e+00 1.506417292133079011e-01
9.776381909547739042e+02 2.261191250764676308e+00 1.516826503033937845e-01
9.835427135678392006e+02 2.261968840877635056e+00 1.526933252231070515e-01
9.894472361809044969e+02 2.262760536745508144e+00 1.536736744562808565e-01
9.953517587939697933e+02 2.263565591888937689e+00 1.546236416621514786e-01
1.001256281407035203e+03 2.264383270669397596e+00 1.555431929888017040e-01
1.007160804020100500e+03 2.265212848598630035e+00 1.564323164057994098e-01
1.013065326633165796e+03 2.266053612595829936e+00 1.572910210592018687e-01
1.018969849246231092e+03 2.266904861195098597e+00 1.581193366518189869e-01
1.024874371859296389e+03 2.267765904705815849e+00 1.589173128513042821e-01
1.030778894472361799e+03 2.268636065328703655e+00 1.596850187283862521e-01
1.036683417085427209e+03 2.269514677230452637e+00 1.604225422271984280e-01
1.042587939698492391e+03 2.270401086579882488e+00 1.611299896693995370e-01
1.048492462311557802e+03 2.271294651548675159e+00 1.618074852934222041e-01
1.054396984924623212e+03 2.272194742279797008e+00 1.624551708298725694e-01
1.060301507537688394e+03 2.273100740826777155e+00 1.630732051137907535e-01
1.066206030150753804e+03 2.274012041067059009e+00 1.636617637341103437e-01
1.072110552763819214e+03 2.274928048592670837e+00 1.642210387203249244e-01
1.078015075376884397e+03 2.275848180581502067e+00 1.647512382660226704e-01
1.083919597989949580e+03 2.276771865652470694e+00 1.652525864885615592e-01
1.089824120603015217e+03 2.277698543707886714e+00 1.657253232238172502e-01
1.095728643216080400e+03 2.278627665766306709e+00 1.661697038545388305e-01
1.101633165829145582e+03 2.279558693789159207e+00 1.665859991704742582e-01
1.107537688442210992e+03 2.280491100504393742e+00 1.669744952580218267e-01
1.113442211055276402e+03 2.281424369230360405e+00 1.673354934168186647e-01
1.119346733668341585e+03 2.282357993703078236e+00 1.676693101002142972e-01
1.125251256281406995e+03 2.283291477909973111e+00 1.679762768762604885e-01
1.131155778894472405e+03 2.284224335933074723e+00 1.682567404053987303e-01
1.137060301507537588e+03 2.285156091804554812e+00 1.685110624307138705e-01
1.142964824120602998e+03 2.286086279377366637e+00 1.687396197761878436e-01
1.148869346733668408e+03 2.287014442213568088e+00 1.689428043481114305e-01
1.154773869346733591e+03 2.287940133492764705e+00 1.691210231344430492e-01
1.160678391959799001e+03 2.288862915942883713e+00 1.692746981966313791e-01
1.166582914572864411e+03 2.289782361795261512e+00 1.694042666481954396e-01
1.172487437185929593e+03 2.290698052765779202e+00 1.695101806140899836e-01
1.178391959798995003e+03 2.291609580063481033e+00 1.695929071647907516e-01
1.184296482412060413e+03 2.292516544427801506e+00 1.696529282189270793e-01
1.190201005025125596e+03 2.293418556195179203e+00 1.696907404082535764e-01
1.196105527638190779e+03 2.294315235395467667e+00 1.697068548988324710e-01
1.202010050251256416e+03 2.295206211878155322e+00 1.697017971624439348e-01
1.207914572864321599e+03 2.296091125467984551e+00 1.696761066924497019e-01
1.213819095477386782e+03 2.296969626149133692e+00 1.696303366587118555e-01
1.219723618090452192e+03 2.297841374276668791e+00 1.695650534965581213e-01
1.225628140703517602e+03 2.298706040813514040e+00 1.694808364253588551e-01
1.231532663316582784e+03 2.299563307590730687e+00 1.693782768928993321e-01
1.237437185929648194e+03 2.300412867588445209e+00 1.692579779425019970e-01
1.243341708542713604e+03 2.301254425234323442e+00 1.691205535006534977e-01
1.249246231155778787e+03 2.302087696716061505e+00 1.689666275838746234e-01
1.255150753768844197e+03 2.302912410303993074e+00 1.687968334245462665e-01
1.261055276381909607e+03 2.303728306679556415e+00 1.686118125165120274e-01
1.266959798994974790e+03 2.304535139265054600e+00 1.684122135823749589e-01
1.272864321608040200e+03 2.305332674549929628e+00 1.681986914656432852e-01
1.278768844221105610e+03 2.306120692408570871e+00 1.679719059519597657e-01
1.284673366834170793e+03 2.306898986404574803e+00 1.677325205249254880e-01
1.290577889447236203e+03 2.307667364076378291e+00 1.674812010630882253e-01
1.296482412060301613e+03 2.308425647199203290e+00 1.672186144857858714e-01
1.302386934673366795e+03 2.309173672018422163e+00 1.669454273565389446e-01
1.308291457286432205e+03 2.309911289449673610e+00 1.666623044535326115e-01
1.314195979899497388e+03 2.310638365241360237e+00 1.663699073175774201e-01
1.320100502512562798e+03 2.311354780095562944e+00 1.660688927884597099e-01
1.326005025125628208e+03 2.312060429743866052e+00 1.657599115411223512e-01
1.331909547738693391e+03 2.312755224975112878e+00 1.654436066333472288e-01
1.337814070351758801e+03 2.313439091612713217e+00 1.651206120767131358e-01
1.343718592964824211e+03 2.314111970439733046e+00 1.647915514424945216e-01
1.349623115577889394e+03 2.314773817070696182e+00 1.644570365138695311e-01
1.355527638190954804e+03 2.315424601769664026e+00 1.641176659953173245e-01
1.361432160804019986e+03 2.316064309214902472e+00 1.637740242894226705e-01
1.367336683417085396e+03 2.316692938211072139e+00 1.634266803505037002e-01
1.373241206030150806e+03 2.317310501350575258e+00 1.630761866234737845e-01
1.379145728643215989e+03 2.317917024626280131e+00 1.627230780752819128e-01
1.385050251256281399e+03 2.318512546998443113e+00 1.623678713251101302e-01
1.390954773869346809e+03 2.319097119919145467e+00 1.620110638781934176e-01
1.396859296482411992e+03 2.319670806818010078e+00 1.616531334668983577e-01
1.402763819095477402e+03 2.320233682553344945e+00 1.612945375013028482e-01
1.408668341708542812e+03 2.320785832833153428e+00 1.609357126302852770e-01
1.414572864321607994e+03 2.321327353610659561e+00 1.605770744128268979e-01
1.420477386934673405e+03 2.321858350459147236e+00 1.602190170980125894e-01
1.426381909547738587e+03 2.322378937930952070e+00 1.598619135111213618e-01
1.432286432160803997e+03 2.322889238905432308e+00 1.595061150421315244e-01
1.438190954773869407e+03 2.323389383930663854e+00 1.591519517320645616e-01
1.444095477386934590e+03 2.323879510563434891e+00 1.587997324517996245e-01
1.450000000000000000e+03 2.324359762711916133e+00 1.584497451672908508e-01
